 0.  0.  0. -1.  0.  0.  0.  0.  0.,   7.9915   0.6      0.6    -20.       0.6      0.6      0.6      0.6
   0.6   
 1.  0. -1. -1.  0.  0.  0.  0.  0., -10.      14.8456 -20.     -20.       0.6      0.6      0.6      0.6
   0.6   
 1.  1. -1. -1.  0.  0.  0.  0. -1., -10.     -10.     -20.     -20.      -1.      13.8945   0.5822  -1.
 -20.    
 1.  1. -1. -1.  1.  0. -1.  0. -1., -10 -10 -20 -20 -10  -1 -20   1 -20
 0.  0.  0.  0. -1.  0.  0.  0.  0.,   0.594    0.594    0.594   12.1843 -20.       0.6      0.6      0.6
   0.6   
 1.  0.  0.  0. -1.  0.  0.  0. -1., -10.       0.594    0.594   10.4453 -20.       0.6      0.6      0.6
 -20.    
 1.  1.  0. -1. -1.  0.  0.  0. -1., -10.  -10.    1.  -20.  -20.    0.6   0.6   0.6 -20. 
 1.  1. -1. -1.  0. -1.  0.  0.  0., -10 -10 -20 -20  -1 -20  -1  -1  -1
 1.  1. -1. -1.  1. -1. -1.  0.  0., -10.  -10.  -20.  -20.  -10.  -20.  -20.    1.    0.6
 1.  0.  0. -1. -1.  0.  0.  0.  0., -10.      -1.      -1.     -20.     -20.       0.0463  -1.      -1.
  -1.    
 0.  0.  0.  0.  0.  0. -1.  0.  0.,  11.4557   0.6      0.6      0.6      0.6      0.6    -20.       0.6
   0.6   
 1.  0. -1.  0.  0.  0. -1.  0.  0., -10.      -1.     -20.      -1.      11.9037   0.6    -20.       0.6
   0.6   
 1.  1. -1.  0.  0.  0. -1.  0. -1., -10.  -10.  -20.   -1.    0.6   0.6 -20.    0.6 -20. 
 0. -1.  0.  0.  0.  0.  0.  0.  0.,  10.0564 -20.       0.6      0.6      0.6      0.6      0.6      0.6
   0.6   
 1. -1.  0.  0.  0.  0. -1.  0.  0., -10.     -20.      13.9635   0.6      0.6      0.6    -20.       0.6
   0.6   
 1. -1.  1.  0. -1.  0. -1.  0.  0., -1.00e+01 -2.00e+01 -1.00e+01 -1.00e+00 -2.00e+01 -1.00e+00 -2.00e+01
  1.41e-02 -1.00e+00
 1. -1.  1.  1. -1.  0. -1.  0. -1., -10 -20 -10 -10 -20  -1 -20   3 -20
 1. -1.  0.  0. -1.  0.  0.  0.  0., -10.     -20.      -1.      -1.     -20.      -1.      -1.       0.0482
  -1.    
 1. -1.  1.  0. -1.  0.  0.  0. -1., -10.     -20.     -10.      -1.     -20.      -1.      -1.       0.0453
 -20.    
 0.  0.  0.  0.  0. -1.  0.  0.  0.,  10.8992   0.6      0.6      0.6      0.6    -20.       0.6      0.6
   0.6   
 1.  0.  0. -1.  0. -1.  0.  0.  0., -10.  -1.  -1. -20.   0. -20.  -1.  -1.  -1.
 0.  0.  0.  0.  0.  0.  0.  0. -1.,  12.428   0.6     0.6     0.6     0.6     0.6     0.6     0.6   -20.   
 1.  0. -1.  0.  0.  0.  0.  0. -1., -10.      -1.     -20.      -1.      -1.      14.3559  -1.      -1.
 -20.    
 1.  1. -1.  0.  0.  0.  0. -1. -1., -10.     -10.     -20.      -0.9801  -1.      -1.      -1.     -20.
 -20.    
 1. -1.  1.  0.  0.  0. -1.  0. -1., -1.e+01 -2.e+01 -1.e+01 -1.e+00 -1.e+00 -1.e+00 -2.e+01  4.e-03 -2.e+01
 1. -1.  1.  1.  0. -1. -1.  0. -1., -10 -20 -10 -10  -1 -20 -20   3 -20
 0.  0. -1.  0.  0.  0.  0.  0.  0.,  13.5757   0.6    -20.       0.6      0.6      0.6      0.6      0.6
   0.6   
 1.  1. -1. -1.  0.  0.  0. -1.  0., -10.     -10.     -20.     -20.      16.0186   0.6      0.6    -20.
   0.6   
 1.  1. -1. -1.  1. -1.  0. -1.  0., -10 -10 -20 -20 -10 -20  -1 -20   1
 1.  0.  0. -1.  0.  0.  0.  0. -1., -10.       0.594    0.594  -20.       0.5971  11.6665   0.6      0.6
 -20.    
 1.  1.  0. -1.  0.  0.  0. -1. -1., -10.  -10.    1.  -20.    0.6   0.6   0.6 -20.  -20. 
 1.  1. -1. -1.  0. -1. -1.  0.  1., -10.  -10.  -20.  -20.    1.  -20.  -20.    0.6 -10. 
 1. -1.  0.  1. -1. -1.  0.  0.  0., -10.  -20.   -1.  -10.  -20.  -20.    1.    0.6   0.6
 1.  0. -1.  0.  0.  0.  0. -1.  0., -10.     16.366 -20.      0.6     0.6     0.6     0.6   -20.      0.6  
 1.  1. -1.  0. -1.  0.  0. -1.  0., -1.00e+01 -1.00e+01 -2.00e+01 -1.00e+00 -2.00e+01 -1.00e+00  1.36e-02
 -2.00e+01 -1.00e+00
-1.  0.  0.  0.  0.  0.  0.  0.  0., -20.      11.0122   0.6      0.6      0.6      0.6      0.6      0.6
   0.6   
-1.  1.  0. -1.  0.  0.  0.  0.  0., -20.     -10.      -1.     -20.      -1.      -1.      12.8      0.5822
  -1.    
-1.  1.  1. -1.  0. -1.  0.  0.  0., -20.     -10.     -10.     -20.      -0.9415 -20.      -1.      -1.
  -1.    
 0.  1.  0.  0. -1.  0. -1.  0.  0.,   0.594 -10.      0.6     0.6   -20.      0.6   -20.      0.6     0.6  
 1.  1.  0.  0. -1. -1. -1.  0.  0., -10.  -10.    1.    0.6 -20.  -20.  -20.    0.6   0.6
 1. -1.  0.  1. -1.  0. -1.  0.  0., -10.  -20.   -1.  -10.  -20.   -1.  -20.    0.6   0.6
 1.  0.  0. -1.  0.  0. -1.  0.  0., -10.       0.594    0.594  -20.       0.594    0.594  -20.      12.7055
   0.6   
 1.  1.  0. -1. -1.  0. -1.  0.  0., -10.  -10.    1.  -20.  -20.    0.6 -20.    0.6   0.6
 1. -1.  0. -1.  0.  0.  0.  0.  0., -10.     -20.       0.594  -20.       0.594    9.4165   0.6      0.6
   0.6   
 1. -1.  1. -1.  0. -1.  0.  0.  0., -10.     -20.     -10.     -20.       0.0511 -20.      -1.      -1.
  -1.    
 1. -1.  1. -1.  1. -1.  0. -1.  0., -10.  -20.  -10.  -20.  -10.  -20.    1.  -20.    0.6
-1.  1.  0.  0. -1.  0.  0.  0.  0., -20.     -10.      -1.      -1.     -20.      -1.      -1.      -1.
  12.4348
 1.  0.  0. -1.  0.  0.  0. -1.  0., -10.       0.594    0.594  -20.       0.594    6.6298   0.6    -20.
   0.6   
 0.  0.  1.  0. -1.  0. -1.  0.  0.,   0.594   0.6   -10.      0.6   -20.      0.6   -20.      0.6     0.6  
-1.  1.  0.  0.  0.  0.  0. -1.  0., -20.    -10.      0.594   0.594  12.79    0.6     0.6   -20.      0.6  
-1.  1.  1. -1.  0.  0.  0. -1.  0., -20.    -10.    -10.    -20.      0.594   0.6     0.6   -20.      0.6  
-1.  1.  1. -1.  1. -1.  0. -1.  0., -20.  -10.  -10.  -20.  -10.  -20.    1.  -20.    0.6
 1. -1.  1.  0.  0. -1. -1.  0.  0., -10.     -20.     -10.       0.5881   0.5905 -20.     -20.       0.5881
  16.0666
 1. -1.  0.  0.  0.  0.  0.  0. -1., -10.     -20.      13.6022   0.6      0.6      0.6      0.6      0.6
 -20.    
 1. -1.  1.  0.  0.  0.  0. -1. -1., -10 -20 -10  -1  -1  -1  -1 -20 -20
 1.  0. -1.  0. -1.  0.  0.  0.  0., -10.      -1.     -20.      -1.     -20.      -1.       0.0254  -1.
  -1.    
 1.  1. -1.  0. -1. -1.  0.  0.  0., -10 -10 -20  -1 -20 -20  -1  -1  -1
 1.  1. -1. -1. -1.  0.  0.  0.  0., -10 -10 -20 -20 -20  -1  -1  -1  -1
 1.  1. -1. -1. -1.  1.  0. -1.  0., -10.  -10.  -20.  -20.  -20.  -10.    3.  -20.    0.6
 0.  0.  0.  1. -1. -1.  0.  0.  0.,   0.5966   0.594    0.5943 -10.     -20.     -20.       0.594    0.594
   7.3379
 1.  0.  0.  1. -1. -1.  0.  0. -1., -10.     -1.      0.594 -10.    -20.    -20.      1.      0.6   -20.   
 1.  1. -1. -1. -1.  0.  1. -1.  0., -10.  -10.  -20.  -20.  -20.    3.  -10.  -20.    0.6
 1.  0. -1.  1.  0.  0.  0. -1. -1., -10.     -1.    -20.    -10.      0.594   0.594   0.6   -20.    -20.   
 1.  1. -1.  1. -1.  0.  0. -1. -1., -10 -10 -20 -10 -20  -1   1 -20 -20
 1. -1.  0.  0.  0. -1.  0.  0.  0., -10.     -20.      10.3637   0.6      0.6    -20.       0.6      0.6
   0.6   
 1. -1.  1.  0. -1. -1.  0.  0.  0., -10.     -20.     -10.      -0.9801 -20.     -20.      -1.      -1.
  -1.    
 0.  0.  0.  1. -1.  0.  0. -1.  0.,   0.5881  13.3804  -1.     -10.     -20.      -1.      -1.     -20.
  -1.    
 1.  0. -1.  1. -1.  0.  0. -1.  0., -10.      0.594 -20.    -10.    -20.     -1.      1.    -20.      0.6  
 0.  0.  0.  1. -1.  0. -1.  0.  0.,  -1.       0.594   13.8443 -10.     -20.       0.6    -20.       0.6
   0.6   
 1.  0.  0.  1. -1. -1. -1.  0.  0., -1.00e+01 -1.00e+00  1.14e-02 -1.00e+01 -2.00e+01 -2.00e+01 -2.00e+01
 -1.00e+00 -1.00e+00
 0.  0.  0.  1. -1.  0.  0.  0. -1.,  10.6358   0.6      0.6    -10.     -20.       0.6      0.6      0.6
 -20.    
 1.  0.  0.  1. -1.  0. -1.  0. -1., -10  -1  -1 -10 -20  -1 -20  -1 -20
 1. -1. -1.  0.  0.  0.  0.  0.  0., -10.     -20.     -20.       0.594    0.594   11.7711   0.6      0.6
   0.6   
 1. -1. -1.  1.  0. -1.  0.  0.  0., -10.    -20.    -20.    -10.      0.594 -20.      1.      0.6     0.6  
 1. -1. -1.  1.  1. -1.  0. -1.  0., -10.  -20.  -20.  -10.  -10.  -20.    1.  -20.    0.6
 1. -1. -1. -1.  1.  0.  0.  0.  0., -10.    -20.    -20.    -20.    -10.      0.594   0.594   0.6     0.6  
 1. -1. -1. -1.  1.  1.  0.  0. -1., -10.  -20.  -20.  -20.  -10.  -10.    3.    0.6 -20. 
 1.  0. -1.  0.  0. -1.  0.  0.  0., -10.     -1.    -20.     -1.      0.594 -20.      0.594  -1.     12.885
 1.  1. -1.  0.  0. -1.  0. -1.  0., -10.    -10.    -20.     -1.     -1.    -20.     -1.    -20.     14.976
 1.  1. -1.  1.  0. -1. -1. -1.  0., -10 -10 -20 -10  -1 -20 -20 -20  -1
 1.  1. -1. -1.  1.  0.  0. -1. -1., -10 -10 -20 -20 -10  -1  -1 -20 -20
 1.  0. -1.  1. -1.  0.  0.  0. -1., -10.      0.594 -20.    -10.    -20.      0.594   1.      0.6   -20.   
 1.  0.  0.  0.  0. -1. -1.  0.  0., -10.       0.594    0.5965  15.0863   0.6    -20.     -20.       0.6
   0.6   
 1.  1.  0.  0.  0. -1. -1. -1.  0., -10.  -10.    1.    0.6   0.6 -20.  -20.  -20.    0.6
-1.  1.  0.  0.  0.  0. -1.  0.  0., -20.     -10.      -1.      13.7061   0.5881  -1.     -20.      -1.
  -1.    
-1.  1.  1.  0.  0. -1. -1.  0.  0., -20.     -10.     -10.      14.8896   0.6    -20.     -20.       0.6
   0.6   
-1.  1.  1.  1.  0. -1. -1.  0. -1., -20 -10 -10 -10  -1 -20 -20  -1 -20
 1.  0.  0.  0. -1. -1.  0.  0.  0., -1.0e+01 -1.0e+00 -1.0e+00  2.1e-03 -2.0e+01 -2.0e+01 -1.0e+00 -1.0e+00
 -1.0e+00
 1.  1.  0.  0. -1. -1.  0.  0. -1., -10.  -10.    1.    0.6 -20.  -20.    0.6   0.6 -20. 
 1. -1.  0.  0.  0.  0.  0. -1.  0., -1.e+01 -2.e+01 -1.e+00 -1.e+00  1.e-04 -1.e+00 -1.e+00 -2.e+01 -1.e+00
 1. -1.  1.  0.  1. -1.  0. -1. -1., -10 -20 -10  -1 -10 -20   1 -20 -20
 1. -1.  1.  0.  1. -1. -1. -1.  0., -10 -20 -10  -1 -10 -20 -20 -20   1
 1.  1. -1. -1.  1.  0. -1. -1.  0., -10 -10 -20 -20 -10  -1 -20 -20   1
 0.  0.  0.  0.  0.  0.  0. -1.  0.,   9.312   0.6     0.6     0.6     0.6     0.6     0.6   -20.      0.6  
 1.  0.  0.  0.  0.  0. -1. -1.  0., -10.      -1.      -1.      -1.      -1.      -1.     -20.     -20.
   6.1179
 1.  1. -1.  0. -1. -1.  1. -1.  0., -10.  -10.  -20.    1.  -20.  -20.  -10.  -20.    0.6
 1. -1.  1.  0.  0.  0. -1. -1.  0., -10.     -20.     -10.       5.5341  -1.      -1.     -20.     -20.
  -1.    
 1.  0.  1. -1.  0.  0. -1. -1.  0., -10.    1.  -10.  -20.    0.6   0.6 -20.  -20.    0.6
 1.  1.  0. -1.  0. -1.  0. -1.  0., -10.  -10.    1.  -20.    0.6 -20.    0.6 -20.    0.6
 1.  0.  1. -1. -1.  0. -1.  0.  0., -10.    1.  -10.  -20.  -20.    0.6 -20.    0.6   0.6
 1.  0. -1.  1.  0. -1. -1.  0.  0., -10  -1 -20 -10  -1 -20 -20  -1  -1
 1.  0.  0.  0.  0. -1.  0. -1.  0., -10.       0.594    0.594    8.7738   0.6    -20.       0.6    -20.
   0.6   
 1.  0.  1.  0.  0. -1.  0. -1. -1., -10.    1.  -10.    0.6   0.6 -20.    0.6 -20.  -20. 
 1.  0.  0.  1.  0. -1.  0. -1. -1., -10.     -1.      0.594 -10.     -1.    -20.      1.    -20.    -20.   
-1.  1. -1.  1. -1.  0.  0.  0.  0., -20 -10 -20 -10 -20  -1  -1  -1  -1
 1.  0.  0.  1.  0. -1. -1. -1.  0., -10.       0.594   -1.     -10.      -1.     -20.     -20.     -20.
  15.5699
 1.  1.  0.  1. -1. -1. -1. -1.  0., -10.  -10.    1.  -10.  -20.  -20.  -20.  -20.    0.6
 1. -1. -1. -1.  1.  0.  1. -1.  0., -10.  -20.  -20.  -20.  -10.    3.  -10.  -20.    0.6
 1. -1.  0.  1.  0. -1.  0. -1.  0., -10.    -20.     -1.    -10.      0.594 -20.      1.    -20.      0.6  
 1. -1.  1.  1.  0. -1. -1. -1.  0., -10 -20 -10 -10  -1 -20 -20 -20  -1
 1. -1.  0. -1.  0.  1.  0. -1.  0., -1.00e+01 -2.00e+01 -1.00e+00 -2.00e+01  1.84e-02 -1.00e+01 -1.00e+00
 -2.00e+01 -1.00e+00
 1. -1.  1. -1.  0.  1. -1. -1.  0., -10 -20 -10 -20  -1 -10 -20 -20   1
 1.  0.  0.  0.  0.  0.  0. -1. -1., -10.  -1.  -1.  -1.  -1.  -1.   0. -20. -20.
 1. -1. -1.  1.  1. -1. -1.  0.  0., -10 -20 -20 -10 -10 -20 -20  -1   1
 1. -1.  1. -1.  1. -1. -1.  0.  0., -10.  -20.  -10.  -20.  -10.  -20.  -20.    3.    0.6
 1.  1. -1. -1.  0.  0. -1.  0.  0., -10.     -10.     -20.     -20.       0.0527  -1.     -20.      -1.
  -1.    
 1.  0. -1.  1.  0.  0. -1.  0. -1., -10  -1 -20 -10  -1  -1 -20  -1 -20
 1.  0. -1. -1.  1.  0. -1.  0.  0., -10.      0.594 -20.    -20.    -10.      0.594 -20.      0.594   1.   
 1. -1.  0. -1.  1.  0.  0. -1.  0., -10.    -20.      0.594 -20.    -10.      0.594   0.594 -20.      1.   
 1.  0.  0. -1.  0.  1. -1. -1.  0., -10.      -1.      -1.     -20.      -1.     -10.     -20.     -20.
   0.4068
 1.  1.  0. -1. -1.  1. -1. -1.  0., -10.  -10.    1.  -20.  -20.  -10.  -20.  -20.    0.6
-1.  0.  0.  1. -1.  0.  0.  0.  0., -20.      -1.      -1.     -10.     -20.      -1.      -1.      -1.
  10.7324
-1.  1.  0.  1. -1.  0.  0. -1.  0., -20.     -10.      -1.     -10.     -20.      -1.      -1.     -20.
   0.1576
-1.  1.  1.  1. -1.  0. -1. -1.  0., -20 -10 -10 -10 -20  -1 -20 -20   3
 1.  0.  1.  1. -1. -1. -1.  0. -1., -10.    1.  -10.  -10.  -20.  -20.  -20.    0.6 -20. 
 1.  0.  1. -1. -1.  0.  0.  0. -1., -10.    1.  -10.  -20.  -20.    0.6   0.6   0.6 -20. 
 1.  0.  1.  0. -1.  0.  0. -1. -1., -10.    1.  -10.    0.6 -20.    0.6   0.6 -20.  -20. 
 1.  0.  1. -1.  0. -1. -1.  0.  0., -10.    1.  -10.  -20.    0.6 -20.  -20.    0.6   0.6
 0.  0. -1.  1. -1.  0.  0.  0.  0.,  -1.      -1.     -20.     -10.     -20.      -1.       8.7541  -1.
  -1.    
 1. -1. -1.  1. -1.  0.  0.  0.  0., -10.  -20.  -20.  -10.  -20.   -1.    1.    0.6   0.6
 1. -1.  0.  1.  0.  0.  0. -1. -1., -10.   -20.     2.34 -10.     0.6    0.6    0.6  -20.   -20.  
 1. -1.  1.  1.  0. -1.  0. -1. -1., -10 -20 -10 -10  -1 -20   1 -20 -20
 1. -1. -1.  0.  0.  1.  0. -1.  0., -10.     -20.     -20.      -1.       0.0543 -10.      -1.     -20.
  -1.    
 1.  0. -1.  1.  0. -1.  0. -1.  0., -10.   -1.  -20.  -10.   -1.  -20.    1.  -20.    0.6
 1. -1.  1. -1.  0.  1.  0. -1. -1., -10 -20 -10 -20  -1 -10  -1 -20 -20
 1.  0.  0. -1. -1.  0. -1.  1.  0., -10.    -0.99  -1.   -20.   -20.    -1.   -20.   -10.    -1.  
 1.  1. -1. -1.  0.  1. -1. -1.  0., -10 -10 -20 -20  -1 -10 -20 -20  -1
 1.  0. -1.  1.  0.  0. -1. -1.  0., -10.   -1.  -20.  -10.    0.6   0.6 -20.  -20.    0.6
 1.  0.  0.  0.  0. -1.  0.  0. -1., -10.  -1.   0.  -1.  -1. -20.  -1.  -1. -20.
 1.  1.  0.  0.  0. -1. -1.  0. -1., -10.  -10.    1.    0.6   0.6 -20.  -20.    0.6 -20. 
 1. -1.  0.  1.  1. -1. -1. -1.  0., -10 -20  -1 -10 -10 -20 -20 -20   1
 1.  0. -1.  1.  1. -1. -1. -1.  0., -10  -1 -20 -10 -10 -20 -20 -20   1
 1.  0. -1.  0.  1.  0. -1. -1.  0., -10.     -1.    -20.      0.594 -10.     -1.    -20.    -20.      1.   
 1. -1.  1.  0.  0. -1.  0. -1.  0., -10.     -20.     -10.      -1.       0.0406 -20.      -1.     -20.
  -1.    
 1.  0.  1. -1. -1.  1. -1. -1.  0., -10.    1.  -10.  -20.  -20.  -10.  -20.  -20.    0.6
 1. -1.  0.  1. -1.  0.  0.  0. -1., -10.  -20.   -1.  -10.  -20.   -1.    1.    0.6 -20. 
 1. -1.  1. -1.  0.  0. -1.  0.  0., -10.     -20.     -10.     -20.       0.3029   0.306  -20.       0.306
   0.306 
 1. -1. -1.  0.  0.  1. -1.  0.  0., -10.    -20.    -20.     -1.      0.036 -10.    -20.     -1.     -1.   
 1.  0.  0.  0. -1.  0. -1.  0.  0., -1.0e+01 -1.0e+00  9.7e-03 -1.0e+00 -2.0e+01 -1.0e+00 -2.0e+01 -1.0e+00
 -1.0e+00
 1.  1.  0.  0. -1.  0. -1.  0. -1., -10.  -10.    1.    0.6 -20.    0.6 -20.    0.6 -20. 
 1.  0.  0.  0.  0.  0. -1.  0. -1., -10.      -1.      -1.      -1.      -1.      -1.     -20.      14.0058
 -20.    
 1. -1. -1. -1.  0.  1.  0.  0.  0., -10.     -20.     -20.     -20.       0.5764 -10.       0.5764   0.5764
  14.5287
 1. -1. -1.  1. -1.  1.  0.  0. -1., -10.  -20.  -20.  -10.  -20.  -10.    1.    0.6 -20. 
 1.  0.  0. -1.  0.  1.  0. -1. -1., -10.      -1.      -1.     -20.      -1.     -10.       0.0419 -20.
 -20.    
 1.  0.  1. -1.  0. -1.  0. -1.  0., -10.    1.  -10.  -20.    0.6 -20.    0.6 -20.    0.6
 0.  1.  0.  1. -1. -1.  0. -1.  0.,   0.594  -10.       0.594  -10.     -20.     -20.       0.594  -20.
   0.7076
 1.  0. -1.  1. -1. -1.  0.  0.  0., -10.      0.594 -20.    -10.    -20.    -20.      1.      0.6     0.6  
 1.  1. -1.  1. -1. -1.  0. -1.  0., -10.  -10.  -20.  -10.  -20.  -20.    1.  -20.    0.6
-1.  1.  0.  1. -1. -1.  0.  0.  0., -20.     -10.      -1.     -10.     -20.     -20.      -1.      -1.
   0.5649
-1.  1.  1.  1. -1. -1.  0. -1.  0., -20 -10 -10 -10 -20 -20  -1 -20   3
 1. -1.  0. -1.  0.  1. -1.  0.  0., -10.     -20.       0.3154 -20.       0.3185 -10.     -20.       0.3185
   0.3185
 1. -1.  0. -1.  1.  0.  0.  0. -1., -10.     -20.       1.1235 -20.     -10.       0.6      0.6      0.6
 -20.    
 1. -1.  1. -1.  1.  0.  0. -1. -1., -10 -20 -10 -20 -10  -1   1 -20 -20
 1. -1.  1.  1. -1. -1. -1.  0.  0., -10.  -20.  -10.  -10.  -20.  -20.  -20.    3.    0.6
 1.  0.  1.  0.  0. -1. -1. -1.  0., -10.    1.  -10.    0.6   0.6 -20.  -20.  -20.    0.6
 1.  0. -1. -1.  0.  1.  0. -1.  0., -10.      14.0921 -20.     -20.       0.6    -10.       0.6    -20.
   0.6   
 1.  0.  0. -1. -1.  1.  0. -1.  0., -1.00e+01  1.24e-02 -1.00e+00 -2.00e+01 -2.00e+01 -1.00e+01 -1.00e+00
 -2.00e+01 -1.00e+00
-1.  1.  0. -1.  1.  0.  0. -1.  0., -20.     -10.      -1.     -20.     -10.      -1.       0.2218 -20.
  -1.    
-1.  1.  1. -1.  1.  0.  0. -1. -1., -20 -10 -10 -20 -10  -1   1 -20 -20
 1.  0.  1.  0. -1. -1.  0.  0. -1., -10.    1.  -10.    0.6 -20.  -20.    0.6   0.6 -20. 
 1. -1.  0. -1. -1.  1.  0.  0.  0., -1.00e+01 -2.00e+01 -1.00e+00 -2.00e+01 -2.00e+01 -1.00e+01 -1.00e+00
  1.49e-02 -1.00e+00
 1. -1. -1.  0. -1.  1.  0.  0.  0., -10 -20 -20  -1 -20 -10  -1  -1  -1
 1.  0.  1. -1.  0.  0. -1.  0. -1., -10.    1.  -10.  -20.    0.6   0.6 -20.    0.6 -20. 
 1. -1.  1.  0. -1. -1. -1.  1.  0., -10.  -20.  -10.    3.  -20.  -20.  -20.  -10.    0.6
 0. -1.  0.  1. -1.  0.  0.  0.  0.,   0.594  -20.      -1.     -10.     -20.      -1.      -1.      12.5439
   0.6   
 1. -1.  0. -1.  0.  0. -1.  1.  0., -10.     -20.       0.5764 -20.       0.5764   0.5764 -20.     -10.
  14.7338
 1. -1.  1. -1. -1.  0. -1.  1.  0., -10.  -20.  -10.  -20.  -20.    3.  -20.  -10.    0.6
 1. -1. -1. -1.  1.  1. -1.  0.  0., -10.  -20.  -20.  -20.  -10.  -10.  -20.    3.    0.6
 1. -1.  1.  0.  0. -1. -1. -1.  1., -10 -20 -10  -1   1 -20 -20 -20 -10
 1. -1.  0.  0.  1. -1.  0.  0. -1., -10.     -20.       2.3166   0.6    -10.     -20.       0.6      0.6
 -20.    
 1. -1.  1.  0.  1. -1. -1.  0. -1., -10 -20 -10  -1 -10 -20 -20   3 -20
 0. -1.  1.  1. -1. -1.  0.  0.  0.,  -1.     -20.     -10.     -10.     -20.     -20.      -1.       0.2939
  -1.    
-1.  1. -1. -1.  1.  0.  0.  0.  0., -20.    -10.    -20.    -20.    -10.      0.594   0.594   0.6     0.6  
-1.  1. -1. -1.  1.  1.  0. -1.  0., -20.  -10.  -20.  -20.  -10.  -10.    3.  -20.    0.6
 1.  0. -1. -1.  0.  0. -1.  1.  0., -10.      -1.     -20.     -20.       0.0382  -1.     -20.     -10.
  -1.    
 1.  0. -1. -1.  1. -1. -1.  1.  0., -10.    1.  -20.  -20.  -10.  -20.  -20.  -10.    0.6
 1.  0.  0. -1.  1.  0.  0. -1. -1., -10.     -1.     -1.    -20.    -10.     -1.      0.325 -20.    -20.   
-1.  1.  1.  0.  0.  0. -1. -1.  0., -20.    -10.    -10.      0.594   2.34    0.6   -20.    -20.      0.6  
-1.  1. -1. -1.  1.  0.  1. -1.  0., -20.  -10.  -20.  -20.  -10.    3.  -10.  -20.    0.6
-1.  1.  0. -1. -1.  1.  0.  0.  0., -20.   -10.    -1.   -20.   -20.   -10.     2.34   0.6    0.6 
 0. -1.  1.  1. -1.  0.  0.  0. -1.,   0.594 -20.    -10.    -10.    -20.      0.6     0.6     0.6   -20.   
 1. -1.  1.  1. -1. -1.  0.  0. -1., -10.  -20.  -10.  -10.  -20.  -20.    1.    0.6 -20. 
 0. -1.  1.  1. -1.  0. -1.  0.  0.,  -1.     -20.     -10.     -10.     -20.      -1.     -20.       0.1986
  -1.    
 1. -1.  1. -1. -1.  1. -1.  0.  0., -10.  -20.  -10.  -20.  -20.  -10.  -20.    3.    0.6
-1.  1.  0. -1.  1. -1.  0.  0.  0., -20.  -10.   -1.  -20.  -10.  -20.    0.6   0.6   0.6
 1. -1. -1. -1.  1.  0. -1.  1.  0., -10.  -20.  -20.  -20.  -10.    3.  -20.  -10.    0.6
 1. -1. -1.  1.  0.  0.  0.  0. -1., -10.    -20.    -20.    -10.      0.594   0.594   1.      0.6   -20.   
 1. -1. -1.  1.  1.  0. -1.  0. -1., -10.  -20.  -20.  -10.  -10.    1.  -20.    0.6 -20. 
 1.  0.  0.  0. -1.  0.  0. -1.  0., -1.00e+01  1.08e-02 -1.00e+00 -1.00e+00 -2.00e+01 -1.00e+00 -1.00e+00
 -2.00e+01 -1.00e+00
 1.  1. -1.  0. -1.  1.  0. -1. -1., -10 -10 -20  -1 -20 -10   3 -20 -20
 1.  1. -1.  0.  0.  0. -1. -1.  0., -10 -10 -20  -1  -1  -1 -20 -20  -1
-1.  1.  0.  0.  0. -1.  0.  0.  0., -20.     -10.      13.6924   0.6      0.6    -20.       0.6      0.6
   0.6   
-1.  1.  1.  0.  0. -1.  0. -1.  0., -20.    -10.    -10.     16.089   0.6   -20.      0.6   -20.      0.6  
-1.  1.  1.  1.  0. -1.  0. -1. -1., -20 -10 -10 -10  -1 -20  -1 -20 -20
 1. -1.  0.  0.  1.  0.  0. -1. -1., -10.     -20.      -1.      -1.     -10.      -1.       0.0577 -20.
 -20.    
 1.  1. -1. -1.  0. -1.  0. -1.  1., -10.  -10.  -20.  -20.    1.  -20.    0.6 -20.  -10. 
 1. -1.  0.  1.  1. -1.  0. -1. -1., -10 -20  -1 -10 -10 -20   1 -20 -20
 1. -1.  0.  1. -1.  1. -1.  0. -1., -10 -20  -1 -10 -20 -10 -20  -1 -20
 0.  1.  0.  1. -1.  0. -1.  0. -1.,   0.594 -10.      0.6   -10.    -20.      0.6   -20.      0.6   -20.   
 1.  1.  0.  1. -1. -1. -1.  0. -1., -10.  -10.    1.  -10.  -20.  -20.  -20.    0.6 -20. 
 1. -1.  0. -1.  1.  1. -1. -1.  0., -10 -20  -1 -20 -10 -10 -20 -20   1
 1. -1.  0. -1.  0.  1.  0.  0. -1., -10.     -20.      15.4536 -20.       0.6    -10.       0.6      0.6
 -20.    
 1. -1.  1. -1.  0.  1. -1.  0. -1., -10 -20 -10 -20  -1 -10 -20   3 -20
 1. -1. -1. -1.  0.  1. -1.  1.  0., -10.  -20.  -20.  -20.    3.  -10.  -20.  -10.    0.6
 1.  0. -1. -1.  1.  1. -1. -1.  0., -10.   -1.  -20.  -20.  -10.  -10.  -20.  -20.    0.6
 1.  0.  0.  1. -1. -1.  0. -1.  0., -10.      0.594  -1.    -10.    -20.    -20.      1.    -20.      0.6  
 1.  0.  0. -1.  0.  0.  1. -1. -1., -10.      0.481   0.481 -20.      0.483   0.481 -10.    -20.    -20.   
 1.  1.  0. -1.  0. -1.  1. -1. -1., -10.  -10.    1.  -20.    0.6 -20.  -10.  -20.  -20. 
 1. -1.  1. -1.  0. -1. -1.  1.  0., -10.  -20.  -10.  -20.    3.  -20.  -20.  -10.    0.6
 1. -1.  0.  0.  0.  0. -1. -1.  1., -10.    -20.      0.594   0.594   1.      0.6   -20.    -20.    -10.   
 1. -1.  1. -1.  0.  0. -1. -1.  1., -10.  -20.  -10.  -20.    1.    0.6 -20.  -20.  -10. 
 1. -1.  0. -1. -1.  1. -1.  1.  0., -10.  -20.    3.  -20.  -20.  -10.  -20.  -10.    0.6
 1.  0.  1.  0. -1. -1. -1.  0.  0., -10.    1.  -10.    0.6 -20.  -20.  -20.    0.6   0.6
 1.  0. -1.  1. -1.  1.  0. -1. -1., -10  -1 -20 -10 -20 -10   1 -20 -20
 1. -1.  1.  0. -1. -1. -1.  0.  1., -10 -20 -10  -1 -20 -20 -20  -1 -10
 0.  0.  1.  1. -1.  0. -1. -1.  0.,  -0.99  -1.   -10.   -10.   -20.    -1.   -20.   -20.    -1.  
 1.  0. -1.  0.  1.  0. -1.  0. -1., -10  -1 -20  -1 -10  -1 -20  -1 -20
 0. -1.  1.  1. -1. -1.  0.  1. -1.,   3.  -20.  -10.  -10.  -20.  -20.    0.6 -10.  -20. 
 1. -1.  1. -1.  1.  0. -1.  0. -1., -10 -20 -10 -20 -10  -1 -20   3 -20
 1.  0. -1.  0.  1. -1. -1.  0.  0., -10.      0.594 -20.      0.594 -10.    -20.    -20.      0.594   1.   
 1. -1. -1. -1. -1.  1.  1.  0.  0., -10.  -20.  -20.  -20.  -20.  -10.  -10.    3.    0.6
 1. -1.  0.  0. -1. -1.  1.  0.  0., -10.  -20.   -1.    1.  -20.  -20.  -10.    0.6   0.6
 1. -1.  1. -1.  0.  0.  0.  0. -1., -10.     -20.     -10.     -20.       0.594   14.4946   0.6      0.6
 -20.    
 1. -1.  0. -1. -1.  1.  0.  1. -1., -10.  -20.    3.  -20.  -20.  -10.    0.6 -10.  -20. 
 1.  0.  0. -1. -1.  1.  0.  0. -1., -10.       0.3817   0.3817 -20.     -20.     -10.       0.3856   0.3833
 -20.    
 1.  1.  0. -1. -1.  1. -1.  0. -1., -10.  -10.    1.  -20.  -20.  -10.  -20.    0.6 -20. 
-1.  0.  1.  1. -1.  0. -1.  0.  0., -20.      -1.     -10.     -10.     -20.      -1.     -20.      -1.
   0.1927
-1.  1. -1.  0.  0.  0.  0.  0.  0., -20.     -10.     -20.       0.594    0.594   13.3674   0.6      0.6
   0.6   
-1.  1. -1.  1.  0.  0.  0.  0. -1., -20.    -10.    -20.    -10.      0.594   0.594   0.6     0.6   -20.   
-1.  1. -1.  1.  1.  0.  0. -1. -1., -20.  -10.  -20.  -10.  -10.    1.    0.6 -20.  -20. 
 1. -1. -1. -1.  1.  1.  0. -1.  0., -10.  -20.  -20.  -20.  -10.  -10.    3.  -20.    0.6
-1.  1.  1.  0.  1. -1. -1. -1.  0., -20 -10 -10  -1 -10 -20 -20 -20  -1
 0.  0.  1.  1. -1.  0. -1.  0. -1.,  -1  -1 -10 -10 -20  -1 -20  -1 -20
-1.  1.  1.  1.  0. -1. -1. -1.  0., -20 -10 -10 -10  -1 -20 -20 -20   3
 1. -1.  0.  0.  1.  0. -1. -1.  0., -10.    -20.     -1.      0.594 -10.     -1.    -20.    -20.      1.   
 1.  0.  0.  0.  1. -1. -1.  0. -1., -10.     -1.      0.594   0.6   -10.    -20.    -20.      0.6   -20.   
-1.  1. -1. -1.  0.  1.  0.  0.  0., -20.     -10.     -20.     -20.      -1.     -10.       0.2068  -1.
  -1.    
 1.  0.  1.  0.  0. -1. -1.  0. -1., -10.    1.  -10.    0.6   0.6 -20.  -20.    0.6 -20. 
 1.  0.  1.  0. -1.  0. -1.  0. -1., -10.    1.  -10.    0.6 -20.    0.6 -20.    0.6 -20. 
-1.  1. -1.  0.  1.  0. -1.  0.  0., -20.    -10.    -20.      0.594 -10.      0.594 -20.      0.6     0.6  
-1.  1. -1.  1.  1. -1. -1.  0.  0., -20.  -10.  -20.  -10.  -10.  -20.  -20.    1.    0.6
 1.  0.  0. -1.  1.  0. -1.  0. -1., -10.      -1.      -1.     -20.     -10.      -1.     -20.       0.3522
 -20.    
-1.  1. -1.  0.  0.  1. -1.  0.  0., -20.     -10.     -20.      -0.9801  -1.     -10.     -20.      -1.
  -1.    
 1.  0.  0. -1. -1.  0.  1.  0. -1., -10.      0.594   3.906 -20.    -20.      0.6   -10.      0.6   -20.   
 1.  1. -1. -1. -1.  0.  1.  0. -1., -10.  -10.  -20.  -20.  -20.    3.  -10.    0.6 -20. 
-1.  1. -1.  1. -1.  0.  1. -1.  0., -20 -10 -20 -10 -20  -1 -10 -20   3
 1. -1.  1. -1.  0.  0.  0. -1.  0., -10.     -20.     -10.     -20.       2.3166   0.6      0.6    -20.
   0.6   
 1. -1.  1. -1.  1.  0. -1. -1.  0., -10 -20 -10 -20 -10  -1 -20 -20   1
 1.  1. -1. -1. -1.  0.  0.  1. -1., -10 -10 -20 -20 -20  -1  -1 -10 -20
 1.  0.  0.  1. -1.  0. -1. -1.  0., -10.      0.594  -1.    -10.    -20.      0.6   -20.    -20.      0.6  
 1. -1. -1.  0.  1.  1. -1. -1.  0., -10.  -20.  -20.    1.  -10.  -10.  -20.  -20.    0.6
 1.  0.  1. -1.  0.  0.  0. -1. -1., -10.    1.  -10.  -20.    0.6   0.6   0.6 -20.  -20. 
 0.  1.  0.  1. -1.  0.  0. -1. -1.,  -1 -10  -1 -10 -20  -1  -1 -20 -20
-1.  1.  1.  1. -1. -1. -1.  0.  0., -20 -10 -10 -10 -20 -20 -20  -1   3
 1.  0.  1. -1.  1. -1. -1.  0. -1., -10.    1.  -10.  -20.  -10.  -20.  -20.    0.6 -20. 
 1.  0. -1.  0. -1. -1.  1.  0.  0., -10.      0.594 -20.      1.    -20.    -20.    -10.      0.6     0.6  
-1.  1. -1. -1. -1.  1.  1.  0.  0., -20 -10 -20 -20 -20 -10 -10  -1   3
 0.  0.  1.  1. -1. -1. -1.  0.  0.,   0.5265   0.5265 -10.     -10.     -20.     -20.     -20.       0.5287
   0.5265
 1.  0.  1. -1.  0. -1.  0.  0. -1., -10.    1.  -10.  -20.    0.6 -20.    0.6   0.6 -20. 
 1. -1.  1. -1.  1. -1.  0.  0. -1., -10.  -20.  -10.  -20.  -10.  -20.    1.    0.6 -20. 
-1.  1.  0.  0. -1.  1.  0. -1.  0., -20.   -10.     2.34   0.6  -20.   -10.     0.6  -20.     0.6 
-1.  1.  1.  0. -1.  1. -1. -1.  0., -20.  -10.  -10.   -1.  -20.  -10.  -20.  -20.    0.6
-1.  1.  0.  0.  0.  0.  0.  0. -1., -20.     -10.      -1.      -1.       0.0241  -1.      -1.      -1.
 -20.    
-1.  1.  1.  0.  0.  0.  0. -1. -1., -20.    -10.    -10.     -1.      0.594   0.6     0.6   -20.    -20.   
 1. -1.  1. -1.  0. -1.  0. -1.  1., -10.  -20.  -10.  -20.    1.  -20.    0.6 -20.  -10. 
-1.  1. -1. -1.  0.  1.  1. -1.  0., -20.  -10.  -20.  -20.    3.  -10.  -10.  -20.    0.6
-1.  0.  1.  1. -1.  1. -1. -1.  0., -20  -1 -10 -10 -20 -10 -20 -20   1
 1.  0.  0. -1.  0.  1. -1.  0. -1., -10.      -1.      -1.     -20.      -1.     -10.     -20.       0.0973
 -20.    
 1.  0.  0.  1. -1. -1. -1.  1. -1., -10  -1   3 -10 -20 -20 -20 -10 -20
 1. -1. -1.  0.  0.  1.  0.  0. -1., -10.     -20.     -20.       0.2852   0.2852 -10.       0.2852   0.2863
 -20.    
 1. -1. -1.  1.  0.  1. -1.  0. -1., -10.  -20.  -20.  -10.    1.  -10.  -20.    0.6 -20. 
 1. -1.  0. -1. -1.  0.  1.  0.  0., -10.    -20.      3.906 -20.    -20.      0.6   -10.      0.6     0.6  
 1. -1.  1. -1. -1.  0.  1.  0. -1., -10 -20 -10 -20 -20  -1 -10  -1 -20
 1.  0.  0.  1. -1.  0.  0. -1. -1., -10.     -1.      0.594 -10.    -20.     -1.      1.    -20.    -20.   
 1. -1.  1.  0. -1.  0. -1.  1. -1., -10.  -20.  -10.    3.  -20.    0.6 -20.  -10.  -20. 
 1. -1.  1. -1.  0. -1.  1. -1.  0., -10.  -20.  -10.  -20.    1.  -20.  -10.  -20.    0.6
 1.  0.  0.  0. -1.  1. -1.  0. -1., -10.   -1.    0.6   0.6 -20.  -10.  -20.    0.6 -20. 
 1.  0.  0.  0. -1. -1.  0.  1. -1., -10.     -1.      0.594   0.594 -20.    -20.      2.34  -10.    -20.   
 1.  0. -1. -1.  1.  0. -1.  1. -1., -10.    1.  -20.  -20.  -10.    0.6 -20.  -10.  -20. 
 1. -1. -1. -1.  0.  1.  1.  0. -1., -10.  -20.  -20.  -20.    3.  -10.  -10.    0.6 -20. 
 0. -1.  1.  1. -1.  1. -1.  0. -1.,  -1 -20 -10 -10 -20 -10 -20  -1 -20
 1. -1.  1.  0.  0. -1.  0.  0. -1., -10.     -20.     -10.       0.088    0.0889 -20.       0.0889   0.0889
 -20.    
 1. -1. -1.  1.  0.  0. -1. -1.  1., -10.  -20.  -20.  -10.    1.    0.6 -20.  -20.  -10. 
-1.  1. -1. -1. -1.  1.  0.  1.  0., -20 -10 -20 -20 -20 -10  -1 -10  -1
 1.  1. -1. -1.  0.  1. -1.  0. -1., -10 -10 -20 -20  -1 -10 -20  -1 -20
 1.  1.  0.  0. -1. -1.  0. -1.  0., -10.  -10.    1.    0.6 -20.  -20.    0.6 -20.    0.6
 1.  0.  0. -1.  1. -1.  0.  0. -1., -10.      -1.       0.0339 -20.     -10.     -20.      -1.      -1.
 -20.    
 1.  1.  0. -1.  1. -1. -1.  0. -1., -10.  -10.    1.  -20.  -10.  -20.  -20.    0.6 -20. 
 1.  1.  0.  0. -1.  0. -1. -1.  0., -10.  -10.    1.    0.6 -20.    0.6 -20.  -20.    0.6
-1.  1.  0. -1.  0.  1.  0.  0. -1., -20.  -10.   -1.  -20.    0.6 -10.    0.6   0.6 -20. 
 1. -1. -1. -1.  0.  1.  0.  1. -1., -10.  -20.  -20.  -20.    3.  -10.    0.6 -10.  -20. 
 1. -1.  0.  0.  0.  1. -1.  0. -1., -10.   -20.     2.34   0.6    0.6  -10.   -20.     0.6  -20.  
 1. -1.  1.  0. -1.  1. -1.  0. -1., -10 -20 -10  -1 -20 -10 -20   3 -20
 1. -1. -1.  0. -1.  0.  1.  0.  0., -10.  -20.  -20.    1.  -20.    0.6 -10.    0.6   0.6
-1.  1.  0.  0. -1. -1.  1.  0.  0., -20.  -10.   -1.   -1.  -20.  -20.  -10.   -1.    0.6
-1.  1.  1.  0. -1. -1.  1. -1.  0., -20.  -10.  -10.   -1.  -20.  -20.  -10.  -20.    0.6
 1. -1.  1.  0. -1. -1.  0.  1. -1., -10.  -20.  -10.    3.  -20.  -20.    0.6 -10.  -20. 
 1.  0.  1. -1.  1. -1.  0. -1. -1., -10.    1.  -10.  -20.  -10.  -20.    0.6 -20.  -20. 
 1. -1.  1. -1.  0. -1.  0.  1. -1., -10.  -20.  -10.  -20.    3.  -20.    0.6 -10.  -20. 
 1.  0. -1. -1.  1.  0.  0.  0. -1., -10.       0.594  -20.     -20.     -10.       1.2549   0.6      0.6
 -20.    
 1.  0. -1. -1.  1. -1.  0.  0.  0., -10.      0.594 -20.    -20.    -10.    -20.     -1.     -1.      1.   
-1.  1.  1.  0. -1.  0. -1.  0.  0., -20.    -10.    -10.      0.594 -20.     -1.    -20.      0.6     0.6  
-1.  1.  0.  0.  1.  0. -1. -1.  0., -20 -10  -1  -1 -10  -1 -20 -20  -1
-1.  1.  0.  0.  1.  0.  0. -1. -1., -20.     -10.      -1.      -1.     -10.      -1.       0.0613 -20.
 -20.    
-1.  1.  1.  0.  1. -1.  0. -1. -1., -20 -10 -10  -1 -10 -20   1 -20 -20
 1. -1.  1. -1.  0. -1.  1.  0. -1., -10.  -20.  -10.  -20.    1.  -20.  -10.    0.6 -20. 
 1.  0.  0. -1.  0.  0. -1.  1. -1., -10.       0.2453   0.2478 -20.       0.2478   0.2463 -20.     -10.
 -20.    
 1.  1.  0. -1.  0. -1. -1.  1. -1., -10.  -10.    1.  -20.    0.6 -20.  -20.  -10.  -20. 
 1.  0.  0. -1.  1. -1.  1. -1. -1., -10  -1   1 -20 -10 -20 -10 -20 -20
 1. -1. -1.  0.  0. -1.  1.  0.  0., -10.  -20.  -20.    1.    0.6 -20.  -10.    0.6   0.6
 1.  0.  0.  0. -1.  0.  1. -1. -1., -10.      0.594  -1.      1.    -20.      0.6   -10.    -20.    -20.   
 1.  1.  0. -1. -1.  0.  1. -1. -1., -10.  -10.    1.  -20.  -20.    0.6 -10.  -20.  -20. 
 1.  0.  0.  0. -1.  0. -1. -1.  1., -10.     -0.951  -1.     -1.    -20.     -1.    -20.    -20.    -10.   
 1.  1.  0. -1. -1.  0. -1. -1.  1., -10.  -10.    1.  -20.  -20.    0.6 -20.  -20.  -10. 
 0.  1. -1.  1. -1.  0.  0. -1.  0.,  -1.     -10.     -20.     -10.     -20.      -1.       0.2356 -20.
  -1.    
 1. -1.  0. -1. -1.  0.  0.  1.  0., -10.     -20.      -1.     -20.     -20.       0.1674  -1.     -10.
  -1.    
-1.  1. -1.  0. -1.  0.  1.  0.  0., -20.    -10.    -20.      0.594 -20.      0.6   -10.      0.6     0.6  
 1.  0.  0. -1.  1. -1.  0. -1.  0., -10.      0.594   0.594 -20.    -10.    -20.      0.594 -20.      1.   
 1. -1.  1. -1.  0. -1. -1.  0.  1., -10.  -20.  -10.  -20.    1.  -20.  -20.    0.6 -10. 
 1.  0.  0. -1. -1.  0.  0. -1.  1., -10.   -1.    0.6 -20.  -20.    0.6   0.6 -20.  -10. 
 1.  1. -1. -1. -1.  0.  0. -1.  1., -10 -10 -20 -20 -20  -1  -1 -20 -10
-1.  1.  0.  0. -1.  0.  1. -1.  0., -20.  -10.   -1.   -1.  -20.    0.6 -10.  -20.    0.6
 1.  0.  0.  0.  1. -1.  0. -1. -1., -10.      0.594   0.6     0.6   -10.    -20.      0.6   -20.    -20.   
 1.  1.  0. -1.  1. -1.  0. -1. -1., -10.  -10.    1.  -20.  -10.  -20.    0.6 -20.  -20. 
 1.  0.  0.  0. -1. -1.  1.  0. -1., -10.     -1.      0.594   1.    -20.    -20.    -10.      0.6   -20.   
 1.  0. -1. -1.  0.  1. -1.  1. -1., -10  -1 -20 -20   3 -10 -20 -10 -20
 1. -1. -1. -1.  0.  1. -1.  0.  1., -10.  -20.  -20.  -20.    1.  -10.  -20.    0.6 -10. 
 1. -1.  1. -1. -1.  1.  0.  0. -1., -10 -20 -10 -20 -20 -10  -1   3 -20
 1. -1.  0.  0.  0.  0.  1. -1. -1., -10.    -20.      0.594   1.      0.6     0.6   -10.    -20.    -20.   
 1. -1.  1. -1.  0.  0.  1. -1. -1., -10.  -20.  -10.  -20.    1.    0.6 -10.  -20.  -20. 
 1.  0.  0. -1.  0. -1.  1.  0. -1., -10.     -1.      0.594 -20.      0.6   -20.    -10.      0.6   -20.   
-1.  1.  0. -1. -1.  0.  1.  0.  0., -20.  -10.    0.9 -20.  -20.   -1.  -10.   -1.   -1. 
 1. -1.  0.  1. -1. -1.  0.  1. -1., -10.  -20.    3.  -10.  -20.  -20.    0.6 -10.  -20. 
 1. -1. -1.  0.  1.  0. -1.  0.  0., -10.     -20.     -20.       0.594  -10.       0.594  -20.       0.5984
   1.    
 1. -1. -1.  0. -1.  1.  1.  0. -1., -10.  -20.  -20.    1.  -20.  -10.  -10.    0.6 -20. 
 1.  0.  0.  0. -1.  0. -1.  1. -1., -10.      -1.       0.0571  -1.     -20.      -1.     -20.     -10.
 -20.    
 1.  1.  0.  0. -1. -1. -1.  1. -1., -10.  -10.    1.    0.6 -20.  -20.  -20.  -10.  -20. 
-1.  1.  1.  0.  0. -1.  0.  0. -1., -20.    -10.    -10.     -1.      0.187 -20.     -1.     -1.    -20.   
 1.  0.  1.  0. -1. -1. -1. -1.  1., -10.    1.  -10.    0.6 -20.  -20.  -20.  -20.  -10. 
-1. -1.  0.  1. -1.  0.  1.  0.  0., -20.    -20.      3.906 -10.    -20.      0.6   -10.      0.6     0.6  
-1. -1.  1.  1. -1. -1.  1.  0.  0., -20 -20 -10 -10 -20 -20 -10  -1  -1
 1.  1.  0.  0. -1.  0.  0. -1. -1., -10.  -10.    1.    0.6 -20.    0.6   0.6 -20.  -20. 
 1.  1. -1.  0.  1. -1. -1. -1.  0., -10 -10 -20  -1 -10 -20 -20 -20   1
 1.  0. -1. -1.  0. -1.  0.  1.  0., -10.    -1.   -20.   -20.     2.34 -20.     0.6  -10.     0.6 
-1.  1.  0.  1. -1.  0. -1.  0.  0., -20.     -10.      -0.9415 -10.     -20.      -1.     -20.      -1.
  -1.    
-1.  1.  1.  0.  0.  0. -1.  0. -1., -20.   -10.   -10.    -1.     2.34   0.6  -20.     0.6  -20.  
 1.  0.  1. -1. -1.  1.  0. -1. -1., -10.    1.  -10.  -20.  -20.  -10.    0.6 -20.  -20. 
 1.  0.  0.  0.  0. -1. -1. -1.  1., -10.       0.5965   0.594    0.594    1.     -20.     -20.     -20.
 -10.    
 1.  1. -1.  0.  0. -1. -1. -1.  1., -10 -10 -20  -1   1 -20 -20 -20 -10
-1.  1. -1.  0.  0.  1.  0.  0. -1., -20.     -10.     -20.      -1.       0.1966 -10.      -1.      -1.
 -20.    
 1.  0. -1.  0.  0.  0. -1. -1.  1., -10.      0.594 -20.     -1.      1.      0.6   -20.    -20.    -10.   
 1.  1. -1. -1.  0.  0. -1. -1.  1., -10.  -10.  -20.  -20.    1.    0.6 -20.  -20.  -10. 
 1.  0. -1.  0.  0. -1. -1.  1.  0., -10.     -1.    -20.     -1.      0.594 -20.    -20.    -10.      0.6  
 1.  0.  0.  0.  0. -1. -1.  1. -1., -10.      -1.       0.0486  -1.      -1.     -20.     -20.     -10.
 -20.    
 1.  0. -1.  1.  0. -1. -1. -1.  1., -10  -1 -20 -10   1 -20 -20 -20 -10
 1. -1.  1.  0.  0. -1.  1. -1. -1., -10.  -20.  -10.    1.    0.6 -20.  -10.  -20.  -20. 
 1.  0.  1.  1. -1. -1.  0. -1. -1., -10.    1.  -10.  -10.  -20.  -20.    0.6 -20.  -20. 
-1.  1. -1.  0.  1.  1. -1. -1.  0., -20.  -10.  -20.    1.  -10.  -10.  -20.  -20.    0.6
-1.  1.  0.  1.  1. -1. -1. -1.  0., -20 -10  -1 -10 -10 -20 -20 -20   3
-1.  1. -1.  0. -1. -1.  1.  1.  0., -20.  -10.  -20.   -1.  -20.  -20.  -10.  -10.    0.6
 1. -1.  0. -1.  1.  1. -1.  0. -1., -10 -20  -1 -20 -10 -10 -20   3 -20
 1. -1.  0. -1.  0.  1. -1.  1. -1., -10.  -20.    3.  -20.    0.6 -10.  -20.  -10.  -20. 
 1.  0.  0. -1. -1.  1.  1. -1. -1., -10.    3.    0.6 -20.  -20.  -10.  -10.  -20.  -20. 
 1. -1. -1.  0.  1.  1.  0. -1. -1., -10.  -20.  -20.    1.  -10.  -10.    0.6 -20.  -20. 
 0. -1.  0.  1. -1.  0.  1.  0. -1.,   1.  -20.    0.6 -10.  -20.    0.6 -10.    0.6 -20. 
 1.  1. -1.  0. -1.  0.  1. -1. -1., -10.  -10.  -20.    1.  -20.    0.6 -10.  -20.  -20. 
 1.  0.  0. -1.  1. -1. -1.  1. -1., -10.    1.    0.6 -20.  -10.  -20.  -20.  -10.  -20. 
 1.  0.  0. -1. -1.  1. -1. -1.  1., -10  -1   1 -20 -20 -10 -20 -20 -10
-1.  1. -1.  0.  1.  1.  0. -1. -1., -20.  -10.  -20.    1.  -10.  -10.    0.6 -20.  -20. 
 1.  0.  0. -1.  0.  0. -1. -1.  1., -10.      0.594   0.594 -20.      1.      0.6   -20.    -20.    -10.   
 1.  1.  0. -1.  0. -1. -1. -1.  1., -10.  -10.    1.  -20.    0.6 -20.  -20.  -20.  -10. 
 1. -1.  0.  0. -1. -1.  1.  1. -1., -10 -20  -1   1 -20 -20 -10 -10 -20
 0.  0. -1.  1. -1.  1.  0. -1.  0.,   0.594   0.6   -20.    -10.    -20.    -10.      0.6   -20.      0.6  
 1. -1. -1. -1.  0.  1.  1. -1.  0., -10.  -20.  -20.  -20.    3.  -10.  -10.  -20.    0.6
-1.  1.  0.  0.  1. -1.  0. -1.  0., -20.     -10.       0.594    0.594  -10.     -20.       0.594  -20.
   0.6729
 1. -1. -1. -1. -1.  1.  0.  0.  1., -10 -20 -20 -20 -20 -10  -1  -1 -10
 1.  0. -1. -1.  1.  1. -1.  0. -1., -10  -1 -20 -20 -10 -10 -20   3 -20
 1.  0.  0. -1.  0. -1.  0.  1. -1., -10.   -1.    0.6 -20.    0.6 -20.    0.6 -10.  -20. 
 1.  0.  0. -1.  0. -1. -1.  1.  0., -10.      -1.      -1.     -20.       0.0532 -20.     -20.     -10.
  -1.    
 1. -1.  1. -1. -1.  0. -1.  0.  1., -10.  -20.  -10.  -20.  -20.    1.  -20.    0.6 -10. 
 1. -1.  0.  0.  1.  0. -1.  0. -1., -10.    -20.      0.594   0.6   -10.      0.6   -20.      0.6   -20.   
-1.  1.  1.  0. -1. -1.  0.  0.  0., -20.   -10.   -10.    -0.99 -20.   -20.    -1.    -1.    -1.  
 1.  0. -1. -1.  0. -1.  0.  0.  1., -10.      0.594 -20.    -20.      1.    -20.      0.6     0.6   -10.   
 1.  1. -1. -1.  0.  1.  0. -1. -1., -10 -10 -20 -20  -1 -10   3 -20 -20
 0.  1.  1.  1. -1. -1. -1.  0. -1.,   1.  -10.  -10.  -10.  -20.  -20.  -20.    0.6 -20. 
 1.  0.  1. -1.  0. -1. -1.  1. -1., -10.    1.  -10.  -20.    0.6 -20.  -20.  -10.  -20. 
 1. -1.  0. -1.  1.  1.  0. -1. -1., -10 -20  -1 -20 -10 -10   3 -20 -20
 1.  1.  0. -1. -1.  0.  0. -1.  0., -10.  -10.    1.  -20.  -20.    0.6   0.6 -20.    0.6
 0. -1. -1.  1. -1.  0.  1.  0.  0.,   1.  -20.  -20.  -10.  -20.    0.6 -10.    0.6   0.6
 1. -1.  0.  1.  0. -1.  0.  0. -1., -10.    -20.      0.594 -10.      0.6   -20.      0.6     0.6   -20.   
 1.  1.  0. -1.  0. -1.  0.  0. -1., -10.  -10.    1.  -20.    0.6 -20.    0.6   0.6 -20. 
-1.  1.  0. -1.  0.  1.  0. -1.  0., -20.   -10.     2.34 -20.     0.6  -10.     0.6  -20.     0.6 
-1.  1.  1. -1.  0.  1.  0. -1. -1., -20.  -10.  -10.  -20.   -1.  -10.    0.6 -20.  -20. 
-1. -1.  1.  1. -1.  1. -1.  0.  0., -20 -20 -10 -10 -20 -10 -20  -1   1
 1. -1. -1. -1.  1. -1.  0.  1.  0., -10.  -20.  -20.  -20.  -10.  -20.   -1.  -10.    0.6
 1. -1.  0.  1.  0. -1. -1. -1.  1., -10 -20  -1 -10   1 -20 -20 -20 -10
 1. -1. -1.  0.  0. -1.  0.  1.  0., -10.    -20.    -20.      0.594  -1.    -20.     -1.    -10.      0.594
 1. -1. -1.  1. -1. -1.  0.  1.  0., -10.  -20.  -20.  -10.  -20.  -20.    1.  -10.    0.6
 0.  1.  0.  1. -1.  0. -1. -1.  0.,  -0.99 -10.    -1.   -10.   -20.    -1.   -20.   -20.    -1.  
 0. -1. -1.  1. -1.  0.  0.  1.  0.,  -0.9801 -20.     -20.     -10.     -20.      -1.      -1.     -10.
  -1.    
-1.  0.  1.  1. -1. -1. -1.  1.  0., -20  -1 -10 -10 -20 -20 -20 -10   3
 1. -1.  0.  0. -1. -1.  0.  0.  1., -10.  -20.   -1.    0.6 -20.  -20.    0.6   0.6 -10. 
 1.  0.  1.  0. -1.  0. -1. -1.  0., -10.    1.  -10.    0.6 -20.    0.6 -20.  -20.    0.6
 0.  0. -1.  1. -1. -1.  0.  1.  0.,  -1.    0.6 -20.  -10.  -20.  -20.    0.6 -10.    0.6
 1.  1. -1.  0. -1.  0.  0.  0. -1., -10.    -10.    -20.      0.594 -20.      0.6     0.6     0.6   -20.   
 0.  1.  1.  1. -1. -1. -1. -1.  0.,   1.  -10.  -10.  -10.  -20.  -20.  -20.  -20.    0.6
-1.  1. -1.  1. -1.  1.  0. -1.  0., -20 -10 -20 -10 -20 -10  -1 -20  -1
 1. -1. -1.  0.  0.  1. -1.  1. -1., -10 -20 -20  -1   3 -10 -20 -10 -20
 1.  0.  0.  0. -1. -1.  0. -1.  1., -10.      3.906   0.6     0.6   -20.    -20.      0.6   -20.    -10.   
 1.  1. -1.  0. -1. -1.  0. -1.  1., -10 -10 -20  -1 -20 -20  -1 -20 -10
 1.  0.  0. -1.  1. -1. -1.  0.  0., -10.      0.594   0.594 -20.    -10.    -20.    -20.      0.594   1.   
 1.  0.  1. -1. -1.  0.  1. -1. -1., -10.    1.  -10.  -20.  -20.    0.6 -10.  -20.  -20. 
 1. -1.  0. -1.  1. -1.  0.  0.  0., -10.    -20.      0.594 -20.    -10.    -20.      0.594   0.594   1.   
-1.  1. -1.  0.  1.  0.  0. -1.  0., -20.     -10.     -20.       0.594  -10.       0.594    1.2605 -20.
   0.6   
-1.  0. -1.  1. -1.  0.  0.  1.  0., -20  -1 -20 -10 -20  -1  -1 -10  -1
 1. -1. -1. -1. -1.  1.  0.  1.  0., -10.  -20.  -20.  -20.  -20.  -10.    3.  -10.    0.6
 1. -1.  1.  0.  0. -1. -1.  1. -1., -10.  -20.  -10.    3.    0.6 -20.  -20.  -10.  -20. 
 1. -1. -1.  0. -1.  1.  0.  1. -1., -10 -20 -20  -1 -20 -10   3 -10 -20
 1.  0. -1. -1.  0.  1. -1. -1.  1., -10  -1 -20 -20   1 -10 -20 -20 -10
-1.  1. -1.  1. -1. -1.  0.  0.  1., -20.  -10.  -20.  -10.  -20.  -20.    3.    0.6 -10. 
 1. -1.  1. -1. -1.  0.  0.  0.  0., -10.    -20.    -10.    -20.    -20.      0.594  -1.      0.6     0.6  
 1. -1.  1. -1.  0.  0. -1.  1. -1., -10.  -20.  -10.  -20.    3.    0.6 -20.  -10.  -20. 
 1.  0. -1.  0. -1. -1.  0.  1.  0., -10.   -1.  -20.    0.6 -20.  -20.    0.6 -10.    0.6
-1.  1.  0.  0. -1.  1. -1.  0.  0., -20.  -10.   -1.    0.6 -20.  -10.  -20.    0.6   0.6
 1.  0. -1. -1.  1.  0.  1. -1. -1., -10  -1 -20 -20 -10   3 -10 -20 -20
-1.  1.  0.  1. -1. -1.  0. -1.  1., -20.  -10.    3.  -10.  -20.  -20.    0.6 -20.  -10. 
 1. -1.  0. -1.  0.  1. -1. -1.  1., -10.  -20.    1.  -20.    0.6 -10.  -20.  -20.  -10. 
 1. -1. -1. -1.  0. -1.  0.  1.  1., -10.  -20.  -20.  -20.    1.  -20.    0.6 -10.  -10. 
 1.  0. -1. -1.  1.  1.  0. -1. -1., -10  -1 -20 -20 -10 -10   3 -20 -20
 0. -1.  1.  1. -1. -1. -1.  1.  0.,   3.  -20.  -10.  -10.  -20.  -20.  -20.  -10.    0.6
-1.  1. -1.  0.  0.  1.  0. -1.  0., -20.     -10.     -20.      13.7466   0.6    -10.       0.6    -20.
   0.6   
 1.  0.  0.  0.  0. -1.  1. -1. -1., -10.      0.594   0.594   1.      0.6   -20.    -10.    -20.    -20.   
 1.  1.  0.  0. -1. -1.  1. -1. -1., -10.  -10.    1.    0.6 -20.  -20.  -10.  -20.  -20. 
 1.  0.  1.  1. -1. -1. -1. -1.  0., -10.    1.  -10.  -10.  -20.  -20.  -20.  -20.    0.6
 1.  0.  1. -1. -1.  0. -1. -1.  1., -10.    1.  -10.  -20.  -20.    0.6 -20.  -20.  -10. 
 1.  0.  0.  0. -1. -1. -1.  0.  1., -10.      0.594   0.6     0.6   -20.    -20.    -20.      0.6   -10.   
 1.  1.  0.  0. -1. -1. -1. -1.  1., -10.  -10.    1.    0.6 -20.  -20.  -20.  -20.  -10. 
 1.  0. -1.  0.  0.  0.  1. -1. -1., -10.   -1.  -20.    1.    0.6   0.6 -10.  -20.  -20. 
 1.  1. -1. -1.  0.  0.  1. -1. -1., -10 -10 -20 -20  -1   3 -10 -20 -20
 1.  0. -1. -1.  0. -1. -1.  1.  1., -10.   -1.  -20.  -20.    0.6 -20.  -20.  -10.  -10. 
 1. -1. -1.  0.  1.  0. -1.  1. -1., -10 -20 -20  -1 -10   3 -20 -10 -20
 1. -1.  1.  0. -1. -1.  1.  0. -1., -10.  -20.  -10.    1.  -20.  -20.  -10.    0.6 -20. 
 1.  0.  1. -1. -1.  0. -1.  1. -1., -10.    1.  -10.  -20.  -20.    0.6 -20.  -10.  -20. 
-1.  1. -1.  0. -1.  1.  0.  0.  0., -20 -10 -20  -1 -20 -10  -1  -1  -1
-1.  1. -1. -1.  0.  1.  1.  0. -1., -20.  -10.  -20.  -20.    3.  -10.  -10.    0.6 -20. 
 1.  0.  0. -1. -1.  1. -1.  1. -1., -10  -1   3 -20 -20 -10 -20 -10 -20
 1. -1. -1.  0.  1.  0.  0. -1.  0., -10.    -20.    -20.      0.594 -10.      0.594   0.594 -20.      1.   
-1.  0.  1.  1. -1.  0. -1. -1.  1., -20.    3.  -10.  -10.  -20.    0.6 -20.  -20.  -10. 
-1.  1.  1. -1.  1. -1.  0.  0. -1., -20.  -10.  -10.  -20.  -10.  -20.    1.    0.6 -20. 
-1.  1. -1.  0.  0.  0. -1.  1.  0., -20.    -10.    -20.      0.594   0.6     0.6   -20.    -10.      0.6  
-1.  1. -1.  1.  0.  0. -1.  1. -1., -20.  -10.  -20.  -10.    1.    0.6 -20.  -10.  -20. 
 1. -1. -1. -1.  1. -1.  1.  0.  0., -10 -20 -20 -20 -10 -20 -10  -1   1
 1.  0. -1.  0. -1. -1.  0.  0.  1., -10.    0.9 -20.   -1.  -20.  -20.   -1.   -1.  -10. 
 1. -1.  0. -1.  1. -1. -1.  1.  0., -10.  -20.    3.  -20.  -10.  -20.  -20.  -10.    0.6
 1. -1.  0.  0. -1.  0. -1.  1.  0., -10.     -20.       0.1691  -1.     -20.      -1.     -20.     -10.
  -1.    
 1.  0. -1.  0.  0.  0. -1.  1. -1., -10.      -0.9801 -20.      -1.      -1.      -1.     -20.     -10.
 -20.    
-1.  1.  0. -1.  0.  0.  1.  0. -1., -20.     -10.      -1.     -20.       0.1966  -1.     -10.      -1.
 -20.    
-1.  1.  1. -1.  0.  0.  1. -1. -1., -20.  -10.  -10.  -20.    1.    0.6 -10.  -20.  -20. 
-1.  1. -1. -1.  0.  0.  0.  1.  0., -20.  -10.  -20.  -20.    1.    0.6   0.6 -10.    0.6
 1. -1.  0. -1.  1. -1.  1. -1.  0., -10.  -20.    1.  -20.  -10.  -20.  -10.  -20.    0.6
 1. -1. -1.  0.  0. -1.  0.  0.  1., -10.    -20.    -20.      0.594   1.    -20.      0.6     0.6   -10.   
 1. -1. -1.  1. -1. -1.  0.  0.  1., -10.  -20.  -20.  -10.  -20.  -20.    1.    0.6 -10. 
-1.  1. -1.  1. -1. -1.  1.  0.  0., -20 -10 -20 -10 -20 -20 -10  -1   3
 0.  1.  0.  1. -1. -1.  1. -1. -1.,   1.  -10.    0.6 -10.  -20.  -20.  -10.  -20.  -20. 
 1. -1. -1.  1.  1.  0.  0. -1. -1., -10.  -20.  -20.  -10.  -10.    1.    0.6 -20.  -20. 
 1.  0. -1.  0. -1.  1.  0. -1.  0., -10.   -1.  -20.    0.6 -20.  -10.    0.6 -20.    0.6
-1.  1.  0.  0. -1.  0. -1.  1.  0., -20.  -10.   -1.    0.6 -20.    0.6 -20.  -10.    0.6
 1. -1.  0.  0.  1. -1.  0. -1.  0., -10.    -20.      0.594   0.594 -10.    -20.      0.594 -20.      1.   
 1. -1.  1. -1. -1.  0.  0.  1. -1., -10.  -20.  -10.  -20.  -20.    3.    0.6 -10.  -20. 
 1.  0. -1. -1. -1.  1.  0.  0.  0., -10.      -1.     -20.     -20.     -20.     -10.       0.2006  -1.
  -1.    
 1.  1. -1. -1. -1.  1.  0.  0. -1., -10.  -10.  -20.  -20.  -20.  -10.    3.    0.6 -20. 
 1.  0.  1. -1. -1.  0.  0. -1.  0., -10.    1.  -10.  -20.  -20.    0.6   0.6 -20.    0.6
 1. -1.  0. -1. -1.  1.  1.  0. -1., -10 -20  -1 -20 -20 -10 -10   3 -20
 1.  0. -1.  0.  0. -1.  0. -1.  1., -10.      0.594 -20.      0.594   1.    -20.      0.6   -20.    -10.   
-1.  1. -1. -1.  0.  1.  0. -1.  1., -20.  -10.  -20.  -20.   -1.  -10.    0.6 -20.  -10. 
-1.  1.  1.  0.  1. -1. -1.  0. -1., -20 -10 -10  -1 -10 -20 -20   1 -20
 1.  0.  0.  1. -1. -1. -1. -1.  1., -10  -1  -1 -10 -20 -20 -20 -20 -10
 1. -1.  0. -1.  0. -1. -1.  1.  1., -10 -20  -1 -20   1 -20 -20 -10 -10
 1. -1. -1.  1.  0. -1.  0. -1.  1., -10.  -20.  -20.  -10.    1.  -20.    0.6 -20.  -10. 
-1.  1. -1. -1.  0.  0.  0.  0.  1., -20.    -10.    -20.    -20.      0.594  -1.      0.594   2.34  -10.   
-1.  1. -1. -1.  1. -1.  0.  0.  1., -20.  -10.  -20.  -20.  -10.  -20.    3.    0.6 -10. 
-1.  1.  0.  1.  0. -1. -1.  0.  0., -20.     -10.       0.594  -10.       0.7746 -20.     -20.       0.6
   0.6   
 0. -1.  0.  1. -1.  0. -1.  1.  0.,  -1.     -20.       0.1674 -10.     -20.      -1.     -20.     -10.
  -1.    
 0. -1. -1.  1. -1.  0.  0.  0.  1.,  -1.  -20.  -20.  -10.  -20.    0.6   0.6   0.6 -10. 
-1.  1.  1.  0.  0. -1. -1.  1. -1., -20 -10 -10  -1   1 -20 -20 -10 -20
 1.  0.  1.  0. -1. -1.  1. -1. -1., -10.    1.  -10.    0.6 -20.  -20.  -10.  -20.  -20. 
 1. -1.  0.  1. -1. -1. -1.  1.  0., -10.  -20.    3.  -10.  -20.  -20.  -20.  -10.    0.6
-1.  1. -1. -1.  0.  1.  0.  1. -1., -20.  -10.  -20.  -20.    1.  -10.    0.6 -10.  -20. 
 1. -1. -1.  0.  1.  0.  0.  0. -1., -10.    -20.    -20.      0.594 -10.      0.6     0.6     0.6   -20.   
 1. -1. -1.  0.  0.  1.  1. -1. -1., -10.  -20.  -20.    1.    0.6 -10.  -10.  -20.  -20. 
 1. -1.  0. -1.  1. -1.  0.  1. -1., -10.  -20.    3.  -20.  -10.  -20.    0.6 -10.  -20. 
 0.  0. -1.  1. -1.  0.  0. -1.  1.,   2.34   0.6  -20.   -10.   -20.     0.6    0.6  -20.   -10.  
 1.  0. -1.  1. -1. -1.  0. -1.  1., -10  -1 -20 -10 -20 -20   1 -20 -10
-1.  1. -1.  0. -1.  0.  0.  1.  0., -20.    -10.    -20.      3.906 -20.      0.6     0.6   -10.      0.6  
-1.  1. -1.  1. -1. -1.  0.  1.  0., -20 -10 -20 -10 -20 -20  -1 -10  -1
-1.  1.  0.  0.  1.  0. -1.  0. -1., -20.    -10.      0.594  -1.    -10.     -1.    -20.      1.    -20.   
-1.  1. -1.  1.  0.  1. -1.  0. -1., -20.  -10.  -20.  -10.    1.  -10.  -20.    0.6 -20. 
 1.  0. -1.  0.  1.  0.  0. -1. -1., -10.     -1.    -20.      0.594 -10.      0.6     0.6   -20.    -20.   
-1.  1.  0.  0.  0.  0. -1.  1. -1., -20.    -10.     -1.      0.594   1.      0.6   -20.    -10.    -20.   
-1.  1.  0.  0.  0. -1. -1.  1.  0., -20.    -10.      0.594   0.6     0.6   -20.    -20.    -10.      0.6  
-1.  1.  0. -1.  0.  0.  1. -1.  0., -20.     -10.       0.594  -20.       0.594    1.0365 -10.     -20.
   0.6   
 0.  0. -1.  1. -1. -1.  0.  0.  1.,   0.594  -1.    -20.    -10.    -20.    -20.      0.6     0.6   -10.   
-1.  1.  0.  1. -1. -1.  1. -1.  0., -20.  -10.   -1.  -10.  -20.  -20.  -10.  -20.    0.6
-1.  1.  0. -1. -1.  0.  0.  0.  1., -20 -10  -1 -20 -20  -1  -1  -1 -10
-1. -1.  0.  1. -1.  0.  0.  1.  0., -20 -20  -1 -10 -20  -1  -1 -10  -1
-1. -1.  1.  1. -1. -1.  0.  1.  0., -20 -20 -10 -10 -20 -20  -1 -10   3
-1.  1. -1. -1. -1.  1.  0.  0.  1., -20.  -10.  -20.  -20.  -20.  -10.    3.    0.6 -10. 
 1.  0.  0.  0. -1. -1.  1. -1.  0., -10.      0.594  -1.      1.    -20.    -20.    -10.    -20.      0.6  
 1.  0.  1.  0. -1. -1.  0. -1.  0., -10.    1.  -10.    0.6 -20.  -20.    0.6 -20.    0.6
 0.  1. -1.  1. -1. -1.  0. -1.  1.,  -1 -10 -20 -10 -20 -20   3 -20 -10
-1.  1.  0. -1. -1.  0.  0.  1.  0., -20.  -10.   -1.  -20.  -20.    0.6   0.6 -10.    0.6
-1.  1.  0. -1.  1.  0.  0.  0. -1., -20.    -10.     -1.    -20.    -10.      0.594   0.594   1.    -20.   
 1.  0. -1.  0. -1.  0.  0.  1. -1., -10.      -1.     -20.      -1.     -20.       0.5881   0.594  -10.
 -20.    
 1.  0. -1. -1. -1.  1.  1.  0. -1., -10.    3.  -20.  -20.  -20.  -10.  -10.    0.6 -20. 
-1.  1.  1. -1.  0. -1.  0.  1. -1., -20.  -10.  -10.  -20.    1.  -20.    0.6 -10.  -20. 
-1.  1.  0.  0. -1. -1.  0.  1.  0., -20.  -10.   -1.    0.6 -20.  -20.    0.6 -10.    0.6
-1.  1.  1.  0. -1. -1. -1.  1.  0., -20.  -10.  -10.   -1.  -20.  -20.  -20.  -10.    0.6
 1.  0. -1.  0. -1.  1.  0.  0. -1., -10.      -1.     -20.      -1.     -20.     -10.       0.0543  -1.
 -20.    
 1. -1. -1.  0.  1.  0.  1. -1. -1., -10.  -20.  -20.    1.  -10.    0.6 -10.  -20.  -20. 
 1.  1. -1. -1.  0. -1. -1.  1.  0., -10.  -10.  -20.  -20.    1.  -20.  -20.  -10.    0.6
 1. -1.  0.  0.  1. -1.  1. -1. -1., -10.  -20.    1.    0.6 -10.  -20.  -10.  -20.  -20. 
 0.  0.  1.  1. -1. -1. -1.  1. -1.,   3.    0.6 -10.  -10.  -20.  -20.  -20.  -10.  -20. 
-1.  1. -1.  0.  1.  0.  0.  0. -1., -20.    -10.    -20.     -1.    -10.      0.594   0.594   1.    -20.   
-1.  0. -1.  1. -1.  0.  0.  0.  1., -20  -1 -20 -10 -20  -1  -1  -1 -10
-1.  1. -1.  1. -1.  0.  0. -1.  1., -20 -10 -20 -10 -20  -1   3 -20 -10
 1.  0. -1. -1. -1.  1.  0.  1. -1., -10  -1 -20 -20 -20 -10   3 -10 -20
-1.  1. -1. -1.  1.  1.  0.  0. -1., -20.  -10.  -20.  -20.  -10.  -10.    3.    0.6 -20. 
 0.  1. -1.  1. -1.  1.  0. -1. -1.,  -1 -10 -20 -10 -20 -10  -1 -20 -20
 1.  0. -1. -1. -1.  1.  1. -1.  0., -10.    3.  -20.  -20.  -20.  -10.  -10.  -20.    0.6
 0. -1.  0.  1. -1. -1.  0.  1.  0.,   0.5881 -20.       0.5881 -10.     -20.     -20.       0.685  -10.
   0.594 
-1.  1.  0.  1. -1.  1. -1. -1.  0., -20 -10  -1 -10 -20 -10 -20 -20  -1
 1.  0.  0. -1. -1.  1. -1.  0.  0., -10.      -1.       0.2152 -20.     -20.     -10.     -20.      -1.
  -1.    
 1. -1. -1. -1.  0.  1.  0. -1.  1., -10.  -20.  -20.  -20.    1.  -10.    0.6 -20.  -10. 
 1.  0. -1. -1.  0.  0.  1.  0. -1., -10.      0.594 -20.    -20.      0.6     0.6   -10.      0.6   -20.   
 1.  0. -1. -1.  0.  1.  0.  0. -1., -10.      15.7752 -20.     -20.       0.5764 -10.       0.5764   0.5764
 -20.    
 1.  1. -1. -1.  0. -1.  1. -1.  0., -10 -10 -20 -20  -1 -20 -10 -20  -1
 1. -1.  0.  0.  1. -1. -1.  1. -1., -10.  -20.    3.    0.6 -10.  -20.  -20.  -10.  -20. 
 1. -1. -1.  0.  0.  0.  0.  1. -1., -10.    -20.    -20.      3.906   0.6     0.6     0.6   -10.    -20.   
 1. -1. -1.  1.  0.  0. -1.  1. -1., -10 -20 -20 -10  -1  -1 -20 -10 -20
-1.  1.  0.  1.  0.  0. -1. -1.  0., -20.     -10.      -1.     -10.      -1.      -1.     -20.     -20.
   0.1889
 1.  0. -1.  0.  0. -1. -1.  0.  1., -10.      0.594 -20.      0.594   1.    -20.    -20.      0.6   -10.   
-1.  1.  0. -1.  1.  1.  0. -1. -1., -20 -10  -1 -20 -10 -10   3 -20 -20
 0. -1. -1.  1. -1.  0.  1.  1. -1.,   1.  -20.  -20.  -10.  -20.    0.6 -10.  -10.  -20. 
 1.  0.  1. -1. -1.  1. -1.  0. -1., -10.    1.  -10.  -20.  -20.  -10.  -20.    0.6 -20. 
-1.  1.  0.  1. -1.  0. -1. -1.  1., -20.  -10.    3.  -10.  -20.    0.6 -20.  -20.  -10. 
 1. -1. -1.  0. -1.  0.  1.  1. -1., -10.  -20.  -20.    1.  -20.    0.6 -10.  -10.  -20. 
 1. -1.  0.  0.  0.  0. -1.  1. -1., -10.     -20.       0.5822  13.7802   0.5881   0.5881 -20.     -10.
 -20.    
 1. -1.  0. -1.  0.  1.  1. -1. -1., -10 -20  -1 -20   3 -10 -10 -20 -20
-1.  1. -1.  0.  0.  1.  1. -1. -1., -20.  -10.  -20.   -1.    0.6 -10.  -10.  -20.  -20. 
-1.  1. -1.  1.  1.  0. -1. -1.  0., -20.  -10.  -20.  -10.  -10.    1.  -20.  -20.    0.6
-1.  1. -1. -1.  0. -1.  1.  0.  1., -20.  -10.  -20.  -20.    3.  -20.  -10.    0.6 -10. 
-1.  1.  0.  0. -1. -1.  0.  0.  1., -20.     -10.      -1.       0.1927 -20.     -20.      -1.      -1.
 -10.    
 1. -1. -1.  1. -1.  0.  0.  1. -1., -10 -20 -20 -10 -20  -1   1 -10 -20
 1.  1.  0. -1. -1.  0. -1.  1. -1., -10.  -10.    1.  -20.  -20.    0.6 -20.  -10.  -20. 
 1. -1.  0.  1.  0. -1. -1.  1. -1., -10.  -20.    3.  -10.    0.6 -20.  -20.  -10.  -20. 
-1.  1.  0. -1.  1. -1.  1. -1.  0., -20.  -10.    1.  -20.  -10.  -20.  -10.  -20.    0.6
-1.  1. -1.  1.  0.  0. -1.  0.  0., -20.     -10.     -20.     -10.       0.1726  -1.     -20.      -1.
  -1.    
-1.  1. -1.  1.  1.  0. -1.  0. -1., -20.  -10.  -20.  -10.  -10.    1.  -20.    0.6 -20. 
 1.  0. -1.  0.  0.  1.  0. -1. -1., -10.      -1.     -20.      -1.      -1.     -10.       0.0367 -20.
 -20.    
-1.  0.  1.  1. -1. -1. -1.  0.  1., -20.    3.  -10.  -10.  -20.  -20.  -20.    0.6 -10. 
 1.  0. -1.  0. -1.  0.  1.  0. -1., -10.   -1.  -20.    1.  -20.    0.6 -10.    0.6 -20. 
-1.  1. -1. -1.  1.  0.  1.  0. -1., -20.  -10.  -20.  -20.  -10.    3.  -10.    0.6 -20. 
-1.  1.  0.  0. -1.  0. -1.  0.  1., -20.     -10.      -0.9415  -1.     -20.      -1.     -20.      -1.
 -10.    
-1.  1.  1.  0. -1.  0. -1. -1.  1., -20.  -10.  -10.    3.  -20.    0.6 -20.  -20.  -10. 
-1.  0. -1.  1. -1.  1.  0.  0.  0., -20.   -1.  -20.  -10.  -20.  -10.    0.6   0.6   0.6
 1. -1.  0.  1. -1.  0. -1.  1. -1., -10.  -20.    3.  -10.  -20.    0.6 -20.  -10.  -20. 
-1.  1.  0.  1.  1. -1. -1.  0. -1., -20 -10  -1 -10 -10 -20 -20   1 -20
 1. -1. -1.  1.  0.  1.  0. -1. -1., -10.  -20.  -20.  -10.    1.  -10.    0.6 -20.  -20. 
-1.  1.  0.  0. -1.  0.  0. -1.  1., -20.     -10.       0.594    0.594  -20.       0.594    0.6147 -20.
 -10.    
-1.  1.  1. -1. -1.  0.  0. -1.  1., -20.  -10.  -10.  -20.  -20.    1.    0.6 -20.  -10. 
 1. -1.  0. -1.  1.  0.  1. -1. -1., -10.  -20.    1.  -20.  -10.    0.6 -10.  -20.  -20. 
-1.  1. -1.  0. -1.  0.  0.  0.  1., -20.     -10.     -20.      -1.     -20.      -1.       0.1986  -1.
 -10.    
 1.  0. -1.  0.  0.  1. -1.  0. -1., -10  -1 -20  -1  -1 -10 -20  -1 -20
 0.  1.  0.  1. -1. -1. -1. -1.  1.,  -1 -10   3 -10 -20 -20 -20 -20 -10
 1. -1. -1.  1.  0. -1. -1.  0.  1., -10.  -20.  -20.  -10.    1.  -20.  -20.    0.6 -10. 
-1.  1.  0.  0.  1. -1.  0.  0. -1., -20.    -10.      0.594  -1.    -10.    -20.      0.594   1.    -20.   
 1.  0.  1.  0. -1. -1. -1.  1. -1., -10.    1.  -10.    0.6 -20.  -20.  -20.  -10.  -20. 
-1.  0. -1.  1. -1.  0.  1.  0.  0., -20.    -0.99 -20.   -10.   -20.    -1.   -10.    -1.    -1.  
 1.  0. -1. -1.  1. -1.  1. -1.  0., -10.   -1.  -20.  -20.  -10.  -20.  -10.  -20.    0.6
-1.  1. -1. -1. -1.  0.  0.  1.  1., -20 -10 -20 -20 -20  -1   1 -10 -10
 0.  1. -1.  1. -1. -1.  0.  0.  0.,  -1.    -10.    -20.    -10.    -20.    -20.      0.594   0.6     0.6  
-1. -1.  1.  1. -1.  0. -1.  0.  1., -20.  -20.  -10.  -10.  -20.    1.  -20.    0.6 -10. 
-1.  1.  0.  0.  1. -1. -1. -1.  1., -20 -10  -1   3 -10 -20 -20 -20 -10
 1. -1.  0. -1.  1.  0. -1.  1. -1., -10.  -20.    3.  -20.  -10.    0.6 -20.  -10.  -20. 
-1.  1.  0. -1.  0. -1.  0.  0.  1., -20.    -10.     -1.    -20.      0.594 -20.      0.6     0.6   -10.   
-1.  1. -1.  0.  1.  0. -1. -1.  1., -20.  -10.  -20.    3.  -10.    0.6 -20.  -20.  -10. 
-1.  1.  0. -1.  0.  0.  0. -1.  1., -20.    -10.     -1.    -20.      3.906   0.6     0.6   -20.    -10.   
 1. -1.  0.  0. -1.  0.  0.  1. -1., -10.     -20.       0.5881   0.5881 -20.       0.5881   0.7203 -10.
 -20.    
 1.  0. -1. -1. -1.  0.  1.  0.  0., -10.      -1.     -20.     -20.     -20.       0.1947 -10.      -1.
  -1.    
 1.  0. -1. -1.  0.  1.  1. -1. -1., -10.    3.  -20.  -20.    0.6 -10.  -10.  -20.  -20. 
-1.  1.  0. -1.  1. -1.  0. -1.  1., -20 -10  -1 -20 -10 -20   3 -20 -10
 1.  1. -1. -1.  0.  0. -1.  1. -1., -10.  -10.  -20.  -20.    1.    0.6 -20.  -10.  -20. 
 0.  1. -1.  1. -1.  0.  0.  0. -1.,  -1.  -10.  -20.  -10.  -20.   -1.    0.6   0.6 -20. 
 0. -1. -1.  1. -1. -1.  0.  1.  1.,  -1.  -20.  -20.  -10.  -20.  -20.    0.6 -10.  -10. 
-1.  1. -1. -1.  1.  0.  0. -1.  1., -20.  -10.  -20.  -20.  -10.   -1.    0.6 -20.  -10. 
-1.  1.  0.  1. -1. -1. -1.  1.  0., -20.  -10.   -1.  -10.  -20.  -20.  -20.  -10.    0.6
 1. -1.  0.  0. -1. -1.  0.  1.  0., -10.     -20.      -1.       0.2196 -20.     -20.      -1.     -10.
  -1.    
-1.  1.  0.  0. -1.  1. -1. -1.  1., -20.  -10.    1.    0.6 -20.  -10.  -20.  -20.  -10. 
 1. -1. -1. -1.  0.  0. -1.  1.  1., -10.  -20.  -20.  -20.    1.    0.6 -20.  -10.  -10. 
-1.  1. -1.  0. -1.  1.  0. -1.  1., -20 -10 -20  -1 -20 -10   3 -20 -10
-1.  0.  1.  1. -1. -1.  0.  0.  0., -20.      -1.     -10.     -10.     -20.     -20.      -1.      -1.
   0.3283
-1. -1.  1.  1. -1.  0.  0.  0.  0., -20.  -20.  -10.  -10.  -20.   -1.    0.6   0.6   0.6
-1.  1. -1.  1.  0.  1. -1. -1.  0., -20.  -10.  -20.  -10.    1.  -10.  -20.  -20.    0.6
 1. -1.  0. -1. -1.  1. -1.  0.  1., -10.  -20.    1.  -20.  -20.  -10.  -20.    0.6 -10. 
 1.  0. -1.  0. -1.  1.  1. -1. -1., -10.    3.  -20.    0.6 -20.  -10.  -10.  -20.  -20. 
-1.  1. -1. -1.  0.  0.  1.  0.  0., -20.     -10.     -20.     -20.       0.594    0.594  -10.       0.7148
   0.6   
-1.  1. -1. -1.  1. -1.  1.  0.  0., -20.  -10.  -20.  -20.  -10.  -20.  -10.    1.    0.6
-1.  1. -1.  1.  0. -1. -1.  1.  0., -20.  -10.  -20.  -10.    1.  -20.  -20.  -10.    0.6
-1.  1.  0.  1. -1. -1. -1.  0.  1., -20.  -10.    3.  -10.  -20.  -20.  -20.    0.6 -10. 
 1. -1. -1.  0.  1. -1. -1.  1.  0., -10 -20 -20  -1 -10 -20 -20 -10   1
-1.  1.  0. -1. -1.  0.  1. -1.  1., -20 -10  -1 -20 -20   3 -10 -20 -10
 0.  0. -1.  1. -1.  0.  1. -1.  0.,   1.    0.6 -20.  -10.  -20.    0.6 -10.  -20.    0.6
-1.  1.  0.  0. -1. -1.  1. -1.  1., -20 -10  -1   3 -20 -20 -10 -20 -10
-1. -1.  0.  1. -1.  1.  0.  0.  0., -20.  -20.   -1.  -10.  -20.  -10.    0.6   0.6   0.6
-1.  1.  0.  1.  0.  0. -1.  0. -1., -20 -10  -1 -10  -1  -1 -20  -1 -20
-1.  1. -1.  0. -1.  0.  1. -1.  1., -20.  -10.  -20.    3.  -20.    0.6 -10.  -20.  -10. 
-1.  1. -1.  0. -1.  1.  1. -1.  0., -20 -10 -20  -1 -20 -10 -10 -20   3
-1.  1.  1.  0. -1. -1. -1.  0.  1., -20.  -10.  -10.    3.  -20.  -20.  -20.    0.6 -10. 
-1.  1.  0. -1.  0. -1.  1.  0.  0., -20.     -10.      -1.     -20.       0.2196 -20.     -10.      -1.
  -1.    
-1.  1.  0.  1.  1. -1.  0. -1. -1., -20.  -10.   -1.  -10.  -10.  -20.    0.6 -20.  -20. 
 1. -1. -1. -1. -1.  0.  1.  1.  0., -10.  -20.  -20.  -20.  -20.    3.  -10.  -10.    0.6
-1.  1.  0.  0. -1. -1. -1.  1.  1., -20 -10  -1  -1 -20 -20 -20 -10 -10
 0.  0. -1.  1. -1.  0.  1.  0. -1.,   1.    0.6 -20.  -10.  -20.    0.6 -10.    0.6 -20. 
 1. -1.  0.  0. -1.  1. -1.  1. -1., -10.  -20.    3.    0.6 -20.  -10.  -20.  -10.  -20. 
-1. -1.  1.  1. -1.  0. -1.  1.  0., -20 -20 -10 -10 -20  -1 -20 -10   3
-1. -1.  0.  1. -1.  0. -1.  1.  1., -20.  -20.    3.  -10.  -20.    0.6 -20.  -10.  -10. 
-1.  1. -1.  1.  0. -1. -1.  0.  1., -20.  -10.  -20.  -10.    3.  -20.  -20.    0.6 -10. 
-1.  1.  1.  0. -1. -1.  0. -1.  1., -20.  -10.  -10.    3.  -20.  -20.    0.6 -20.  -10. 
 1. -1. -1. -1. -1.  0.  0.  1.  1., -10 -20 -20 -20 -20  -1   1 -10 -10
 1. -1. -1.  0. -1.  0.  0.  1.  0., -10.    -20.    -20.     -1.    -20.     -1.      0.211 -10.     -1.   
-1.  1.  0. -1. -1.  1.  1. -1.  0., -20 -10  -1 -20 -20 -10 -10 -20   3
-1.  0.  0.  1. -1.  1.  0. -1.  0., -20.      3.906   0.6   -10.    -20.    -10.      0.6   -20.      0.6  
-1.  1. -1.  0.  1.  0.  1. -1. -1., -20 -10 -20  -1 -10   3 -10 -20 -20
 1. -1. -1.  0. -1. -1.  1.  1.  0., -10.  -20.  -20.    1.  -20.  -20.  -10.  -10.    0.6
 0. -1.  0.  1. -1. -1. -1.  1.  1.,  -1 -20   3 -10 -20 -20 -20 -10 -10
 0. -1. -1.  1. -1. -1.  1.  1.  0.,   1.  -20.  -20.  -10.  -20.  -20.  -10.  -10.    0.6
-1.  1.  0. -1.  0.  1.  1. -1. -1., -20 -10  -1 -20   3 -10 -10 -20 -20
-1.  0.  0.  1. -1.  1. -1.  0.  0., -20.   -1.    0.6 -10.  -20.  -10.  -20.    0.6   0.6
 0.  0. -1.  1. -1. -1.  1.  0.  0.,   1.    0.6 -20.  -10.  -20.  -20.  -10.    0.6   0.6
 1.  1.  0.  1. -1. -1.  0. -1. -1., -10.  -10.    1.  -10.  -20.  -20.    0.6 -20.  -20. 
-1.  1. -1.  0.  0.  1. -1.  1. -1., -20.  -10.  -20.   -1.    0.6 -10.  -20.  -10.  -20. 
-1.  0.  0.  1. -1. -1.  1.  0.  0., -20.   -1.    0.6 -10.  -20.  -20.  -10.    0.6   0.6
 1.  0. -1. -1. -1.  0.  1. -1.  1., -10  -1 -20 -20 -20  -1 -10 -20 -10
-1.  1.  0. -1.  1.  0.  1. -1. -1., -20.  -10.    1.  -20.  -10.    0.6 -10.  -20.  -20. 
-1.  1.  0. -1.  1. -1.  1.  0. -1., -20.  -10.    1.  -20.  -10.  -20.  -10.    0.6 -20. 
-1.  0. -1.  1. -1. -1.  1.  1.  0., -20.   -1.  -20.  -10.  -20.  -20.  -10.  -10.    0.6
-1.  0.  0.  1. -1. -1.  0.  1.  0., -20.     -1.      0.594 -10.    -20.    -20.      0.6   -10.      0.6  
 0. -1.  0.  1. -1. -1.  1.  1. -1.,   1.  -20.    0.6 -10.  -20.  -20.  -10.  -10.  -20. 
-1.  1. -1. -1. -1.  0.  1.  1.  0., -20 -10 -20 -20 -20  -1 -10 -10   1
-1.  1.  0.  1.  0. -1. -1. -1.  1., -20.  -10.    3.  -10.    0.6 -20.  -20.  -20.  -10. 
-1.  1. -1.  0.  1. -1.  1. -1.  0., -20 -10 -20  -1 -10 -20 -10 -20   3
-1.  1.  0.  0.  1. -1.  1. -1. -1., -20.  -10.    1.    0.6 -10.  -20.  -10.  -20.  -20. 
 1. -1. -1.  0.  1.  1. -1.  0. -1., -10.  -20.  -20.    1.  -10.  -10.  -20.    0.6 -20. 
-1.  0.  0.  1. -1.  0. -1.  1.  0., -20.   -1.    0.6 -10.  -20.    0.6 -20.  -10.    0.6
-1. -1.  0.  1. -1. -1.  0.  1.  1., -20.  -20.    3.  -10.  -20.  -20.    0.6 -10.  -10. 
-1.  0.  0.  1. -1.  0. -1.  0.  1., -20.      -1.       0.1908 -10.     -20.      -1.     -20.      -1.
 -10.    
-1. -1.  0.  1. -1.  0.  0.  0.  1., -20 -20  -1 -10 -20  -1  -1  -1 -10
-1. -1.  1.  1. -1. -1.  0.  0.  1., -20 -20 -10 -10 -20 -20  -1   3 -10
-1.  1. -1. -1.  0.  0.  1.  1. -1., -20.  -10.  -20.  -20.    1.    0.6 -10.  -10.  -20. 
-1.  1.  0. -1.  0. -1.  1.  1. -1., -20 -10  -1 -20   1 -20 -10 -10 -20
 1.  1.  0. -1. -1.  1.  0. -1. -1., -10.  -10.    1.  -20.  -20.  -10.    0.6 -20.  -20. 
-1.  0.  0.  1. -1.  0.  0. -1.  1., -20.       0.1561  -1.     -10.     -20.      -1.      -1.     -20.
 -10.    
 0. -1.  1.  1. -1.  0. -1.  1. -1.,   3.  -20.  -10.  -10.  -20.    0.6 -20.  -10.  -20. 
 1.  0. -1.  0. -1.  0.  1. -1.  0., -10.      0.594 -20.      1.    -20.      0.6   -10.    -20.      0.6  
 1. -1.  0.  0. -1. -1. -1.  1.  1., -10.  -20.   -1.    0.6 -20.  -20.  -20.  -10.  -10. 
 0. -1.  0.  1. -1.  0.  0.  1. -1.,   0.1833 -20.      -1.     -10.     -20.      -1.      -1.     -10.
 -20.    
-1.  1. -1.  0.  1. -1.  0. -1.  1., -20.  -10.  -20.    3.  -10.  -20.    0.6 -20.  -10. 
-1.  0. -1.  1. -1.  0.  1. -1.  1., -20.    3.  -20.  -10.  -20.    0.6 -10.  -20.  -10. 
-1.  0. -1.  1. -1. -1.  0.  1.  1., -20  -1 -20 -10 -20 -20   1 -10 -10
-1.  0.  0.  1. -1.  1. -1. -1.  1., -20  -1   1 -10 -20 -10 -20 -20 -10
 1. -1.  0. -1. -1.  0. -1.  1.  1., -10 -20  -1 -20 -20  -1 -20 -10 -10
-1.  0.  1.  1. -1. -1.  0. -1.  1., -20.    3.  -10.  -10.  -20.  -20.    0.6 -20.  -10. 
-1.  0.  0.  1. -1. -1.  0.  0.  1., -20.       0.5881   0.5881 -10.     -20.     -20.       0.5881   0.8209
 -10.    
 0. -1.  1.  1. -1. -1. -1.  0.  1.,  -1 -20 -10 -10 -20 -20 -20   3 -10
-1. -1.  0.  1. -1.  1. -1.  0.  1., -20.  -20.    1.  -10.  -20.  -10.  -20.    0.6 -10. 
-1.  1.  0. -1.  0. -1.  1. -1.  1., -20 -10  -1 -20   3 -20 -10 -20 -10
-1.  0. -1.  1. -1. -1.  1.  0.  1., -20.    3.  -20.  -10.  -20.  -20.  -10.    0.6 -10. 
-1.  1. -1. -1. -1.  0.  1.  0.  1., -20.  -10.  -20.  -20.  -20.    3.  -10.    0.6 -10. 
 1. -1. -1. -1. -1.  0.  1.  0.  1., -10 -20 -20 -20 -20  -1 -10   1 -10
-1. -1.  0.  1. -1.  1. -1.  1.  0., -20.  -20.   -1.  -10.  -20.  -10.  -20.  -10.    0.6
-1. -1.  0.  1. -1. -1.  1.  1.  0., -20 -20  -1 -10 -20 -20 -10 -10   1
-1.  1.  1. -1. -1.  0.  1. -1.  0., -20 -10 -10 -20 -20  -1 -10 -20  -1
-1.  1. -1.  1.  0.  1.  0. -1. -1., -20.  -10.  -20.  -10.    1.  -10.    0.6 -20.  -20. 
-1. -1.  0.  1. -1. -1.  1.  0.  1., -20 -20  -1 -10 -20 -20 -10   1 -10
-1.  1. -1.  0.  1.  1. -1.  0. -1., -20.  -10.  -20.    1.  -10.  -10.  -20.    0.6 -20. 
-1.  1. -1.  0. -1. -1.  1.  0.  1., -20.  -10.  -20.    3.  -20.  -20.  -10.    0.6 -10. 
 1. -1.  0. -1. -1.  0.  1.  1. -1., -10 -20  -1 -20 -20   3 -10 -10 -20
-1.  1. -1.  1.  0.  0. -1. -1.  1., -20.  -10.  -20.  -10.    3.    0.6 -20.  -20.  -10. 
 1. -1.  0.  1.  0. -1. -1.  0.  0., -10.     -20.      15.3518 -10.       0.594  -20.     -20.       0.594
   0.594 
 1.  0.  0.  1.  0. -1. -1.  0. -1., -10  -1  -1 -10  -1 -20 -20  -1 -20
 0.  1. -1.  1. -1.  0.  1. -1. -1.,   1.  -10.  -20.  -10.  -20.    0.6 -10.  -20.  -20. 
 0.  1. -1.  1. -1. -1.  1. -1.  0.,   1.  -10.  -20.  -10.  -20.  -20.  -10.  -20.    0.6
-1.  0.  0.  1. -1. -1. -1.  1.  1., -20  -1   3 -10 -20 -20 -20 -10 -10
-1.  1.  1. -1.  0. -1.  1.  0. -1., -20.  -10.  -10.  -20.    1.  -20.  -10.    0.6 -20. 
-1.  1. -1. -1.  0. -1.  1.  1.  0., -20.  -10.  -20.  -20.    1.  -20.  -10.  -10.    0.6
 1.  0.  0. -1.  0. -1. -1.  0.  1., -10.      0.594  -1.    -20.      1.    -20.    -20.      0.6   -10.   
 1.  0.  0. -1.  0. -1.  0. -1.  1., -10.     -1.      0.594 -20.      1.    -20.      0.6   -20.    -10.   
 1.  0.  1. -1.  0. -1. -1. -1.  1., -10.    1.  -10.  -20.    0.6 -20.  -20.  -20.  -10. 
 1. -1.  0. -1.  0. -1.  0.  0.  1., -10.    -20.      0.594 -20.      1.    -20.      0.6     0.6   -10.   
 1. -1.  0.  0.  0.  1. -1. -1.  0., -10.  -20.   -1.    0.6   0.6 -10.  -20.  -20.    0.6
 1. -1.  0. -1.  0.  0.  1. -1.  0., -10.    -20.      0.594 -20.      0.6     0.6   -10.    -20.      0.6  
 1. -1.  0.  0.  0. -1.  0. -1.  1., -10.    -20.      0.594   0.594   0.6   -20.      0.6   -20.    -10.   
 1. -1.  0. -1.  0.  0.  0. -1.  1., -10.  -20.   -1.  -20.    1.    0.6   0.6 -20.  -10. 
 1. -1. -1.  0.  0.  0.  0. -1.  1., -10.    -20.    -20.      0.594   1.      0.6     0.6   -20.    -10.   
 1. -1. -1.  0.  0.  0.  1. -1.  0., -10.  -20.  -20.    1.    0.6   0.6 -10.  -20.    0.6
 1. -1.  0.  0.  0. -1.  1. -1.  0., -10.    -20.      0.594   1.      0.6   -20.    -10.    -20.      0.6  
 1. -1.  0.  0. -1.  1. -1.  0.  0., -10.    -20.      0.594   0.6   -20.    -10.    -20.      0.6     0.6  
 1.  0.  0.  0. -1. -1. -1.  1.  0., -10.   -1.    0.6   0.6 -20.  -20.  -20.  -10.    0.6
 1.  0. -1.  0. -1.  0.  0. -1.  1., -10.     -1.    -20.      0.594 -20.     -1.      0.6   -20.    -10.   
 1.  0.  0. -1. -1.  0.  1. -1.  0., -10.      0.594   0.594 -20.    -20.     -1.    -10.    -20.     -1.   
-1.  0.  1.  1. -1. -1.  1. -1.  0., -20  -1 -10 -10 -20 -20 -10 -20  -1
 0.  0.  1.  1. -1. -1.  0.  0. -1.,   0.306  -1.    -10.    -10.    -20.    -20.     -1.     -1.    -20.   
 0.  0.  1.  1. -1. -1.  0. -1.  0.,  -1.      0.306 -10.    -10.    -20.    -20.     -1.    -20.     -1.   
 0.  1.  1.  1. -1. -1.  0. -1. -1.,   1.  -10.  -10.  -10.  -20.  -20.    0.6 -20.  -20. 
 0.  0.  1.  1. -1. -1.  1. -1. -1.,   1.    0.6 -10.  -10.  -20.  -20.  -10.  -20.  -20. 
 0.  0.  1.  1. -1. -1. -1. -1.  1.,  -1   3 -10 -10 -20 -20 -20 -20 -10
-1.  1.  0.  0.  0.  1. -1.  0. -1., -20.  -10.   -1.    0.6   0.6 -10.  -20.    0.6 -20. 
-1.  1.  0.  0.  0.  1.  0. -1. -1., -20.  -10.   -1.    0.6   0.6 -10.    0.6 -20.  -20. 
-1.  1.  0.  0.  0. -1.  1.  0. -1., -20.    -10.      0.594   0.6     0.6   -20.    -10.      0.6   -20.   
-1.  1.  0.  0.  0.  0.  1. -1. -1., -20.    -10.      0.594   0.6     0.6     0.6   -10.    -20.    -20.   
 1.  0.  1. -1.  0. -1.  1. -1. -1., -10.    1.  -10.  -20.    0.6 -20.  -10.  -20.  -20. 
 0.  0.  0.  1. -1. -1.  1. -1.  0.,   1.    0.6   0.6 -10.  -20.  -20.  -10.  -20.    0.6
 0.  0.  0.  1. -1. -1. -1.  0.  1.,  -1.      0.594   0.6   -10.    -20.    -20.    -20.      0.6   -10.   
 1. -1.  0.  1. -1. -1. -1.  0.  1., -10.  -20.   -1.  -10.  -20.  -20.  -20.    0.6 -10. 
 0. -1.  0.  1. -1. -1.  0.  0.  1.,  -1.    -20.      0.594 -10.    -20.    -20.      0.594   0.594 -10.   
 0.  0.  0.  1. -1. -1.  0. -1.  1.,   0.594   0.594   0.6   -10.    -20.    -20.      0.6   -20.    -10.   
 0. -1. -1.  1. -1. -1.  1.  0.  1.,   1.  -20.  -20.  -10.  -20.  -20.  -10.    0.6 -10. 
