-1.  0.  0.  0.  0.  0.  0.  0.  0., -20.   18.    0.6   0.6   0.6   0.6   0.6   0.6   0.6
-1.  1. -1.  0.  0.  0.  0.  0.  0., -20.  -10.  -20.   18.    0.6   0.6   0.6   0.6   0.6
-1.  1. -1.  1. -1.  0.  0.  0.  0., -20.     -10.     -20.     -10.     -20.      -1.       0.5965  18.
   0.6   
 0. -1.  0.  0.  0.  0.  0.  0.  0.,   0.5838 -20.      18.       0.5881   0.5838   0.5881   0.5881   0.5881
   0.5881
 1. -1. -1.  0.  0.  0.  0.  0.  0., -10.     -20.     -20.       0.5965   0.594    0.6      0.6      0.6
   0.6   
 1. -1. -1.  1. -1.  0.  0.  0.  0., -10.  -20.  -20.  -10.  -20.   -1.    1.    0.6   0.6
 0.  0. -1.  0.  0.  0.  0.  0.  0.,   0.594  18.    -20.      0.6     0.6     0.6     0.6     0.6     0.6  
 0.  0.  0. -1.  0.  0.  0.  0.  0.,  18.       0.5875   0.5881 -20.       0.5846   0.5881   0.5881   0.5833
   0.5881
 1. -1.  0. -1.  0.  0.  0.  0.  0., -10.     -20.       0.594  -20.       0.5965   0.6      0.6      0.6
   0.6   
 1. -1.  1. -1. -1.  0.  0.  0.  0., -10.     -20.     -10.     -20.     -20.       0.0687  -1.      -1.
  -1.    
 1. -1.  1. -1. -1.  1. -1.  0.  0., -10.  -20.  -10.  -20.  -20.  -10.  -20.    3.    0.6
 0.  0.  0.  0. -1.  0.  0.  0.  0.,   0.5955   0.594    0.594   18.     -20.       0.6      0.6      0.6
   0.6   
 1. -1.  0.  0. -1.  0.  0.  0.  0., -10.     -20.       0.5955   0.594  -20.       0.6      0.6      0.6
   0.6   
 0.  0.  0.  0.  0. -1.  0.  0.  0.,   0.594    0.5961   0.5979   0.594    0.594  -20.       0.594   18.
   0.6   
 1. -1.  0.  0.  0. -1.  0.  0.  0., -10.    -20.      0.594   0.594   0.6   -20.      0.6     0.6     0.6  
 1. -1.  1. -1.  0. -1.  0.  0.  0., -10.     -20.     -10.     -20.       0.0657 -20.      -1.      -1.
  -1.    
 1. -1.  1. -1.  1. -1. -1.  0.  0., -10.  -20.  -10.  -20.  -10.  -20.  -20.    3.    0.6
 0.  0.  0.  0.  0.  0. -1.  0.  0.,   0.594    0.5972   0.594    0.5965   0.5972   0.5985 -20.       0.594
  18.    
 1. -1.  0.  0.  0.  0. -1.  0.  0., -10.    -20.      0.594   0.6     0.6     0.6   -20.      0.6     0.6  
 1. -1.  1. -1.  0.  0. -1.  0.  0., -10.    -20.    -10.    -20.      0.594   0.6   -20.      0.6     0.6  
 0.  0.  0.  0.  0.  0.  0. -1.  0.,   0.594    0.594    0.5965   0.5965   0.594   18.       0.6    -20.
   0.6   
 1. -1.  0.  0.  0.  0.  0. -1.  0., -10.    -20.      0.594   0.6     0.6     0.6     0.6   -20.      0.6  
 1. -1.  1. -1.  0.  0.  0. -1.  0., -10.    -20.    -10.    -20.      0.594   0.6     0.6   -20.      0.6  
 1. -1.  1. -1.  1. -1.  0. -1.  0., -10.  -20.  -10.  -20.  -10.  -20.    1.  -20.    0.6
 0.  0.  0.  0.  0.  0.  0.  0. -1.,   0.594   0.594  18.      0.6     0.6     0.6     0.6     0.6   -20.   
 1. -1.  0.  0.  0.  0.  0.  0. -1., -10.    -20.      0.594   0.6     0.6     0.6     0.6     0.6   -20.   
 1. -1.  1. -1.  0.  0.  0.  0. -1., -10.    -20.    -10.    -20.      0.594   0.6     0.6     0.6   -20.   
 1. -1.  1. -1.  1. -1.  0.  0. -1., -10.  -20.  -10.  -20.  -10.  -20.    1.    0.6 -20. 
-1.  1. -1.  1. -1. -1.  1.  0.  0., -20 -10 -20 -10 -20 -20 -10  -1   3
-1.  1.  0. -1.  0.  0.  0.  0.  0., -20.     -10.       0.5955 -20.       0.6      0.6      0.6      0.6
   0.6   
-1.  1.  1. -1. -1.  0.  0.  0.  0., -20.     -10.     -10.     -20.     -20.       0.0687  -1.      -1.
  -1.    
-1.  1.  0.  0.  0. -1.  0.  0.  0., -20.     -10.       0.5961   0.6      0.6    -20.       0.6      0.6
   0.6   
-1.  1.  1. -1.  0. -1.  0.  0.  0., -20.     -10.     -10.     -20.      -0.0896 -20.      -1.      -1.
  -1.    
-1.  1.  0.  0.  0.  0. -1.  0.  0., -20.     -10.      -1.       0.594    0.594    0.5961 -20.       0.5965
   0.5961
-1.  1.  0.  0.  0.  0.  0. -1.  0., -20.    -10.      0.594   0.6     0.6     0.6     0.6   -20.      0.6  
-1.  1.  1. -1.  0.  0.  0. -1.  0., -20.    -10.    -10.    -20.      0.594   0.6     0.6   -20.      0.6  
-1.  1.  1. -1.  1. -1.  0. -1.  0., -20.  -10.  -10.  -20.  -10.  -20.    1.  -20.    0.6
-1.  1.  0.  0.  0.  0.  0.  0. -1., -20.    -10.      0.594   0.6     0.6     0.6     0.6     0.6   -20.   
-1.  1.  1. -1.  0.  0.  0.  0. -1., -20.    -10.    -10.    -20.      0.594   0.6     0.6     0.6   -20.   
-1.  1.  1. -1.  1. -1.  0.  0. -1., -20.  -10.  -10.  -20.  -10.  -20.    1.    0.6 -20. 
-1.  0.  1.  0.  0.  0.  0. -1.  0., -20.       0.5965 -10.       0.6      0.6      0.6      0.6    -20.
   0.6   
-1.  1.  1.  0. -1.  0.  0. -1.  0., -20.     -10.     -10.       0.5965 -20.       0.6      0.6    -20.
   0.6   
-1.  1.  1.  1. -1. -1.  0. -1.  0., -20 -10 -10 -10 -20 -20  -1 -20   3
-1.  0.  1.  0.  0.  0.  0.  0. -1., -20.     -1.    -10.      0.594   0.594  18.      0.6     0.6   -20.   
-1.  1. -1.  1.  0.  0. -1.  0.  0., -20.    -10.    -20.    -10.      0.594   0.6   -20.      0.6     0.6  
-1.  1. -1.  1.  1. -1. -1.  0.  0., -20.  -10.  -20.  -10.  -10.  -20.  -20.    1.    0.6
-1.  1. -1.  0.  1.  0. -1.  0.  0., -20.    -10.    -20.      0.594 -10.      0.6   -20.      0.6     0.6  
-1. -1.  1.  1.  0.  0.  0.  0. -1., -20.    -20.    -10.    -10.      0.594   0.6     0.6     0.6   -20.   
-1. -1.  1.  1.  1. -1.  0.  0. -1., -20.  -20.  -10.  -10.  -10.  -20.    1.    0.6 -20. 
-1.  1. -1.  0.  0.  1. -1.  0.  0., -20.     -10.     -20.      -0.0905  -1.     -10.     -20.      -1.
  -1.    
-1. -1.  1.  0.  1.  0.  0.  0. -1., -20.    -20.    -10.      0.594 -10.      0.6     0.6     0.6   -20.   
-1. -1.  1.  0.  0.  1.  0.  0. -1., -20.    -20.    -10.     -1.      0.594 -10.      0.594  18.    -20.   
-1. -1.  1. -1.  1.  1.  0.  0. -1., -20.  -20.  -10.  -20.  -10.  -10.    1.    0.6 -20. 
-1. -1.  1. -1.  0.  1.  1.  0. -1., -20.  -20.  -10.  -20.    1.  -10.  -10.    0.6 -20. 
-1. -1.  1. -1.  0.  1.  0.  1. -1., -20 -20 -10 -20  -1 -10  -1 -10 -20
 1. -1.  1. -1. -1.  1.  0.  0. -1., -10 -20 -10 -20 -20 -10  -1   3 -20
-1.  1.  1. -1. -1.  1.  0. -1.  0., -20 -10 -10 -20 -20 -10  -1 -20   1
-1.  1. -1.  1. -1. -1.  0.  1.  0., -20 -10 -20 -10 -20 -20  -1 -10  -1
-1.  1. -1.  1.  0.  1. -1. -1.  0., -20.  -10.  -20.  -10.    1.  -10.  -20.  -20.    0.6
 1. -1. -1. -1.  1.  0.  0.  0.  0., -10.     -20.     -20.     -20.     -10.       0.594    0.5965   0.594
   0.6   
 1. -1. -1. -1.  1.  1. -1.  0.  0., -10.  -20.  -20.  -20.  -10.  -10.  -20.    3.    0.6
-1. -1.  1.  0.  0.  0.  0.  0.  0., -20.     -20.     -10.       0.5965   0.594    0.6      0.6      0.6
   0.6   
-1. -1.  1.  1. -1.  0.  0.  0.  0., -20.     -20.     -10.     -10.     -20.       0.5965   0.6      0.6
   0.6   
-1. -1.  1.  1. -1.  1. -1.  0.  0., -20 -20 -10 -10 -20 -10 -20  -1   1
-1.  0.  0.  1.  0.  0.  0. -1.  0., -20.       0.5965   0.6    -10.       0.6      0.6      0.6    -20.
   0.6   
-1.  1. -1.  1.  0.  0.  0. -1.  0., -20.     -10.     -20.     -10.       0.5965   0.6      0.6    -20.
   0.6   
-1.  1. -1.  1.  1. -1.  0. -1.  0., -20 -10 -20 -10 -10 -20  -1 -20   3
-1. -1.  0.  1.  0.  0.  0.  0.  0., -20.    -20.      0.594 -10.      0.6     0.6     0.6     0.6     0.6  
-1. -1.  1.  1.  0. -1.  0.  0.  0., -20.    -20.    -10.    -10.      0.594 -20.     18.      0.6     0.6  
-1. -1.  1.  1.  1. -1. -1.  0.  0., -20.  -20.  -10.  -10.  -10.  -20.  -20.    3.    0.6
-1. -1.  0.  0.  1.  0.  0.  0.  0., -20.     -20.       0.5965   0.6    -10.       0.6      0.6      0.6
   0.6   
-1. -1.  1. -1.  1.  0.  0.  0.  0., -20.  -20.  -10.  -20.  -10.   -1.    1.    0.6   0.6
-1.  0.  0.  0.  1.  0.  0. -1.  0., -20.      0.594   0.6     0.6   -10.      0.6     0.6   -20.      0.6  
-1.  1. -1.  0.  1.  0.  0. -1.  0., -20.    -10.    -20.      0.594 -10.      0.6     0.6   -20.      0.6  
-1.  1. -1.  1.  1.  0. -1. -1.  0., -20.  -10.  -20.  -10.  -10.    1.  -20.  -20.    0.6
-1.  0.  0.  0.  0.  1.  0. -1.  0., -20.   18.    0.6   0.6   0.6 -10.    0.6 -20.    0.6
-1.  1. -1.  0.  0.  1.  0. -1.  0., -20.  -10.  -20.   18.    0.6 -10.    0.6 -20.    0.6
-1.  1. -1.  1. -1.  1.  0. -1.  0., -20 -10 -20 -10 -20 -10  -1 -20  -1
-1.  0.  1.  0.  0. -1.  0.  0.  0., -20.       0.5979 -10.       0.6      0.6    -20.       0.6      0.6
   0.6   
-1.  1.  1.  0. -1. -1.  0.  0.  0., -20.     -10.     -10.      -0.0914 -20.     -20.      -1.      -1.
  -1.    
-1.  1.  1.  1. -1. -1. -1.  0.  0., -20 -10 -10 -10 -20 -20 -20  -1   3
-1.  1. -1.  0.  0.  0. -1.  1.  0., -20.  -10.  -20.   -1.    1.    0.6 -20.  -10.    0.6
-1.  0.  1. -1.  0.  0.  0.  0.  0., -20.      0.594 -10.    -20.      0.6     0.6     0.6     0.6     0.6  
-1.  1.  0.  0. -1.  0.  0.  0.  0., -20.    -10.      0.594   0.6   -20.      0.6     0.6     0.6     0.6  
-1.  0.  0. -1.  1.  0.  0.  0.  0., -20.       0.5965   0.6    -20.     -10.       0.6      0.6      0.6
   0.6   
-1.  1. -1. -1.  1.  0.  0.  0.  0., -20.    -10.    -20.    -20.    -10.     -1.      0.594   1.      0.6  
-1.  0.  1.  0. -1.  0.  0.  0.  0., -20.      0.594 -10.      0.6   -20.      0.6     0.6     0.6     0.6  
-1.  0.  0.  1. -1.  0.  0.  0.  0., -20.   18.    0.6 -10.  -20.    0.6   0.6   0.6   0.6
-1.  1. -1. -1.  1. -1.  1.  0.  0., -20.  -10.  -20.  -20.  -10.  -20.  -10.    1.    0.6
-1. -1.  0.  0.  0.  1.  0.  0.  0., -20.    -20.      0.594   0.6     0.6   -10.      0.6     0.6     0.6  
-1. -1.  1. -1.  0.  1.  0.  0.  0., -20.    -20.    -10.    -20.      0.594 -10.      0.6     0.6     0.6  
-1. -1.  1. -1.  1.  1.  0. -1.  0., -20.  -20.  -10.  -20.  -10.  -10.    1.  -20.    0.6
-1. -1.  0.  0.  0.  0.  1.  0.  0., -20.    -20.      0.594   0.6     0.6     0.6   -10.      0.6     0.6  
-1. -1.  1. -1.  0.  0.  1.  0.  0., -20.  -20.  -10.  -20.    1.    0.6 -10.    0.6   0.6
-1. -1.  0.  0.  0.  0.  0.  1.  0., -20.    -20.      0.594   0.6     0.6     0.6     0.6   -10.      0.6  
-1. -1.  1. -1.  0.  0.  0.  1.  0., -20.    -20.    -10.    -20.      0.594   0.6     0.6   -10.      0.6  
-1. -1.  1. -1.  1. -1.  0.  1.  0., -20.  -20.  -10.  -20.  -10.  -20.    1.  -10.    0.6
-1. -1.  0.  0.  0.  0.  0.  0.  1., -20.    -20.      0.594   0.6     0.6     0.6     0.6     0.6   -10.   
-1. -1.  1. -1.  0.  0.  0.  0.  1., -20.    -20.    -10.    -20.      0.594   0.6     0.6     0.6   -10.   
-1. -1.  1. -1.  1. -1.  0.  0.  1., -20.  -20.  -10.  -20.  -10.  -20.    1.    0.6 -10. 
 1. -1. -1. -1.  1. -1.  1.  0.  0., -10 -20 -20 -20 -10 -20 -10  -1   1
-1.  1. -1.  0.  0.  0. -1.  0.  1., -20.     -10.     -20.      -0.0905  -1.      -1.     -20.      -1.
 -10.    
-1.  0.  0. -1.  0.  1.  0.  0.  0., -20.      0.594   0.6   -20.      0.6   -10.      0.6     0.6     0.6  
-1.  1. -1. -1.  0.  1.  0.  0.  0., -20.    -10.    -20.    -20.      0.594 -10.      0.6     0.6     0.6  
-1.  1. -1. -1.  1.  1.  0. -1.  0., -20.  -10.  -20.  -20.  -10.  -10.    3.  -20.    0.6
-1.  0.  0. -1.  0.  0.  1.  0.  0., -20.      0.594   0.6   -20.      0.6     0.6   -10.      0.6     0.6  
-1.  1. -1. -1.  0.  0.  1.  0.  0., -20.    -10.    -20.    -20.      0.594   0.6   -10.      0.6     0.6  
-1.  0.  0. -1.  0.  0.  0.  1.  0., -20.      0.594   0.6   -20.      0.6     0.6     0.6   -10.      0.6  
-1.  1. -1. -1.  0.  0.  0.  1.  0., -20.  -10.  -20.  -20.    1.    0.6   0.6 -10.    0.6
-1.  0.  0. -1.  0.  0.  0.  0.  1., -20.      0.594   0.6   -20.      0.6     0.6     0.6     0.6   -10.   
-1.  1. -1. -1.  0.  0.  0.  0.  1., -20.    -10.    -20.    -20.      0.594   0.6     0.6     0.6   -10.   
-1.  1. -1. -1.  1. -1.  0.  0.  1., -20.  -10.  -20.  -20.  -10.  -20.    3.    0.6 -10. 
 0. -1.  0. -1.  1.  0.  0.  0.  0.,   0.594 -20.      0.594 -20.    -10.      0.6     0.6     0.6     0.6  
 0.  1. -1. -1.  0.  0.  0.  0.  0.,   0.5961 -10.     -20.     -20.       0.6      0.6      0.6      0.6
   0.6   
 1.  1. -1. -1. -1.  0.  0.  0.  0., -10.     -10.     -20.     -20.     -20.      -0.0896  -1.      -1.
  -1.    
-1.  1. -1.  1.  0. -1. -1.  0.  1., -20.  -10.  -20.  -10.    3.  -20.  -20.    0.6 -10. 
-1.  1. -1.  1.  0.  0. -1. -1.  1., -20.  -10.  -20.  -10.    3.    0.6 -20.  -20.  -10. 
 1.  1. -1. -1. -1.  1.  0. -1.  0., -10.  -10.  -20.  -20.  -20.  -10.    3.  -20.    0.6
 1.  1. -1. -1. -1.  1.  0.  0. -1., -10.  -10.  -20.  -20.  -20.  -10.    3.    0.6 -20. 
 1. -1.  0. -1.  1. -1.  0.  0.  0., -10.    -20.      0.594 -20.    -10.    -20.      0.594   0.6     0.6  
 0. -1.  1. -1.  0.  0.  0.  0.  0.,   0.5943 -20.     -10.     -20.       0.594    0.6      0.6      0.6
   0.6   
-1.  0.  0.  1.  0. -1.  0.  0.  0., -20.      0.594   0.6   -10.      0.6   -20.      0.6     0.6     0.6  
-1.  1. -1.  1.  0. -1.  0.  0.  0., -20.    -10.    -20.    -10.      0.594 -20.      0.6     0.6     0.6  
-1.  0.  0.  0.  1. -1.  0.  0.  0., -20.      0.594   0.6     0.6   -10.    -20.      0.6     0.6     0.6  
-1.  1. -1.  0.  1. -1.  0.  0.  0., -20.    -10.    -20.      0.594 -10.    -20.      0.6     0.6     0.6  
-1.  0.  0.  0.  0. -1.  1.  0.  0., -20.      0.594   0.6     0.6     0.6   -20.    -10.      0.6     0.6  
-1.  1. -1.  0.  0. -1.  1.  0.  0., -20.    -10.    -20.      0.594   0.6   -20.    -10.      0.6     0.6  
-1.  0.  0.  0.  0. -1.  0.  1.  0., -20.   18.    0.6   0.6   0.6 -20.    0.6 -10.    0.6
-1.  1. -1.  0.  0. -1.  0.  1.  0., -20.  -10.  -20.   18.    0.6 -20.    0.6 -10.    0.6
-1.  0.  1.  0.  0.  0. -1.  0.  0., -20.      0.594 -10.      0.6     0.6     0.6   -20.      0.6     0.6  
-1.  1.  1.  0. -1.  0. -1.  0.  0., -20.    -10.    -10.      0.594 -20.      0.6   -20.      0.6     0.6  
-1.  0.  0.  1.  0.  0. -1.  0.  0., -20.       0.5965   0.6    -10.       0.6      0.6    -20.       0.6
   0.6   
-1.  1.  0.  1. -1.  0. -1.  0.  0., -20.     -10.       0.5965 -10.     -20.       0.6    -20.       0.6
   0.6   
-1.  1.  1.  1. -1.  0. -1. -1.  0., -20 -10 -10 -10 -20  -1 -20 -20   3
 0.  1.  0. -1. -1.  0.  0.  0.  0.,   0.594 -10.      0.6   -20.    -20.      0.6     0.6     0.6     0.6  
 1.  0. -1. -1.  0.  0.  0.  0.  0., -10.      0.594 -20.    -20.      0.6     0.6     0.6     0.6     0.6  
 1.  1. -1. -1.  0. -1.  0.  0.  0., -10.     -10.     -20.     -20.       0.0664 -20.      -1.      -1.
  -1.    
 1.  1. -1. -1.  1. -1. -1.  0.  0., -10.  -10.  -20.  -20.  -10.  -20.  -20.    1.    0.6
 0. -1.  0. -1.  0.  1.  0.  0.  0.,   0.594 -20.      0.6   -20.      0.6   -10.      0.6     0.6     0.6  
 1. -1. -1. -1.  0.  1.  0.  0.  0., -10.    -20.    -20.    -20.      0.594 -10.      0.594   0.6     0.6  
 1. -1. -1. -1.  1.  1.  0. -1.  0., -10.  -20.  -20.  -20.  -10.  -10.    3.  -20.    0.6
 0. -1.  0. -1.  0.  0.  1.  0.  0.,   0.594 -20.      0.6   -20.      0.6     0.6   -10.      0.6     0.6  
 1. -1. -1. -1.  0.  0.  1.  0.  0., -10.    -20.    -20.    -20.      0.594   0.594 -10.      0.6     0.6  
 0. -1.  0. -1.  0.  0.  0.  1.  0.,   0.5965 -20.       0.6    -20.       0.6      0.6      0.6    -10.
   0.6   
 1. -1. -1. -1.  0.  0.  0.  1.  0., -10.     -20.     -20.     -20.       0.5965   0.594    0.594  -10.
   0.6   
 1. -1. -1. -1.  1. -1.  0.  1.  0., -10 -20 -20 -20 -10 -20  -1 -10   1
 0. -1. -1.  0.  1.  0.  0.  0.  0.,   0.5965 -20.     -20.       0.6    -10.       0.6      0.6      0.6
   0.6   
 1. -1. -1.  0.  1. -1.  0.  0.  0., -10.     -20.     -20.       0.5965 -10.     -20.       0.594    0.6
   0.6   
 1. -1. -1.  1.  1. -1. -1.  0.  0., -10 -20 -20 -10 -10 -20 -20  -1   1
-1.  0.  0.  0.  1.  0. -1.  0.  0., -20.      -1.       0.594    0.594  -10.       0.5965 -20.       0.5961
   0.5961
-1. -1.  1.  0.  1.  0. -1.  0.  0., -20.    -20.    -10.      0.594 -10.      0.6   -20.      0.6     0.6  
-1. -1.  0.  1.  1.  0. -1.  0.  0., -20.    -20.      0.594 -10.    -10.      0.6   -20.      0.6     0.6  
-1. -1.  1.  1.  1.  0. -1. -1.  0., -20.  -20.  -10.  -10.  -10.    1.  -20.  -20.    0.6
-1. -1.  0.  0.  1.  1. -1.  0.  0., -20.  -20.   -1.    1.  -10.  -10.  -20.    0.6   0.6
 0.  0. -1. -1.  0.  0.  0.  1.  0.,   0.594   0.6   -20.    -20.      0.6     0.6     0.6   -10.      0.6  
 1. -1. -1. -1. -1.  1.  0.  1.  0., -10.  -20.  -20.  -20.  -20.  -10.    3.  -10.    0.6
 0. -1.  0. -1.  0.  0.  0.  0.  1.,   0.594 -20.      0.6   -20.      0.6     0.6     0.6     0.6   -10.   
 1. -1. -1. -1.  0.  0.  0.  0.  1., -10.  -20.  -20.  -20.    1.    0.6   0.6   0.6 -10. 
 0.  0. -1. -1.  1.  0.  0.  0.  0.,   0.594   0.6   -20.    -20.    -10.      0.6     0.6     0.6     0.6  
 0.  1.  0. -1.  0. -1.  0.  0.  0.,   0.5943 -10.       0.6    -20.       0.6    -20.       0.6      0.6
   0.6   
 0. -1.  1.  0. -1.  0.  0.  0.  0.,   0.594 -20.    -10.      0.6   -20.      0.6     0.6     0.6     0.6  
 1. -1.  1.  0. -1. -1.  0.  0.  0., -10.     -20.     -10.      -0.0905 -20.     -20.      -1.      -1.
  -1.    
 1. -1.  1.  1. -1. -1. -1.  0.  0., -10.  -20.  -10.  -10.  -20.  -20.  -20.    3.    0.6
 0. -1. -1.  1.  0.  0.  0.  0.  0.,   0.594 -20.    -20.    -10.      0.6     0.6     0.6     0.6     0.6  
 0. -1. -1.  0.  0.  1.  0.  0.  0.,   0.594 -20.    -20.      0.6     0.6   -10.      0.6     0.6     0.6  
 1. -1. -1. -1. -1.  1.  1.  0.  0., -10.  -20.  -20.  -20.  -20.  -10.  -10.    3.    0.6
 0. -1. -1.  0.  0.  0.  1.  0.  0.,   0.594 -20.    -20.      0.6     0.6     0.6   -10.      0.6     0.6  
 1. -1. -1. -1.  0.  1.  1. -1.  0., -10.  -20.  -20.  -20.    3.  -10.  -10.  -20.    0.6
 0. -1. -1.  0.  0.  0.  0.  1.  0.,   0.594 -20.    -20.      0.6     0.6     0.6     0.6   -10.      0.6  
 1. -1. -1. -1. -1.  0.  1.  1.  0., -10.  -20.  -20.  -20.  -20.    3.  -10.  -10.    0.6
 0. -1. -1.  0.  0.  0.  0.  0.  1.,   0.594 -20.    -20.      0.6     0.6     0.6     0.6     0.6   -10.   
 1. -1. -1.  1.  0. -1.  0.  0.  0., -10.    -20.    -20.    -10.      0.594 -20.      0.6     0.6     0.6  
 0. -1.  0.  0.  1. -1.  0.  0.  0.,   0.594 -20.      0.6     0.6   -10.    -20.      0.6     0.6     0.6  
 0. -1.  1.  0.  0. -1.  0.  0.  0.,   0.5961 -20.     -10.      18.       0.6    -20.       0.6      0.6
   0.6   
-1. -1.  0.  0.  1.  0. -1.  1.  0., -20.     -20.      -0.0905  -1.     -10.      -1.     -20.     -10.
  -1.    
 1. -1.  1.  1. -1. -1.  0.  0. -1., -10.  -20.  -10.  -10.  -20.  -20.    1.    0.6 -20. 
-1. -1.  1.  0.  1. -1. -1.  1.  0., -20.  -20.  -10.    3.  -10.  -20.  -20.  -10.    0.6
-1. -1.  1.  0.  1.  0. -1.  1. -1., -20.  -20.  -10.    3.  -10.    0.6 -20.  -10.  -20. 
 0.  1.  0. -1.  0.  0. -1.  0.  0.,   0.594 -10.      0.6   -20.      0.6     0.6   -20.      0.6     0.6  
 1.  1. -1. -1.  0.  0. -1.  0.  0., -10.    -10.    -20.    -20.      0.594   0.6   -20.      0.6     0.6  
 0.  0.  0. -1. -1.  0.  0.  1.  0.,   0.594   0.6     0.6   -20.    -20.      0.6     0.6   -10.      0.6  
 1. -1.  0. -1. -1.  0.  0.  1.  0., -10.    -20.      0.594 -20.    -20.      0.6     0.6   -10.      0.6  
 1. -1.  1. -1. -1.  0. -1.  1.  0., -10.  -20.  -10.  -20.  -20.    3.  -20.  -10.    0.6
 1.  0.  0. -1. -1.  0.  0.  0.  0., -10.      -1.       0.594  -20.     -20.       0.594    0.5991   0.5991
   0.6   
 1. -1.  0. -1. -1.  1.  0.  0.  0., -10.    -20.      0.594 -20.    -20.    -10.      0.6     0.6     0.6  
 1. -1.  0. -1. -1.  0.  1.  0.  0., -10.    -20.     -1.    -20.    -20.     -1.    -10.     -1.      0.084
 1. -1. -1. -1. -1.  0.  1.  0.  1., -10 -20 -20 -20 -20  -1 -10   1 -10
 0. -1.  1.  0.  0.  0. -1.  0.  0.,   0.594 -20.    -10.      0.6     0.6     0.6   -20.      0.6     0.6  
 1. -1.  1.  0. -1.  0. -1.  0.  0., -10.    -20.    -10.      0.594 -20.      0.6   -20.      0.6     0.6  
 0. -1.  1.  0.  0.  0.  0. -1.  0.,  -1.     -20.     -10.      -1.       0.5656   0.5616   0.5616 -20.
   0.5673
-1. -1.  1.  1.  0.  0.  0. -1.  0., -20.    -20.    -10.    -10.      0.594   0.6     0.6   -20.      0.6  
-1. -1.  1.  1.  1. -1.  0. -1.  0., -20.  -20.  -10.  -10.  -10.  -20.    1.  -20.    0.6
-1. -1.  1.  0.  1.  0.  0. -1.  0., -20.    -20.    -10.      0.594 -10.      0.594   0.6   -20.      0.6  
-1. -1.  1.  0.  0.  1.  0. -1.  0., -20.    -20.    -10.     -1.      0.594 -10.      0.594 -20.      1.   
-1. -1.  1. -1.  0.  1.  1. -1.  0., -20.  -20.  -10.  -20.    1.  -10.  -10.  -20.    0.6
-1. -1.  0.  0.  1.  0. -1.  0.  1., -20.     -20.      -0.0905  -1.     -10.      -1.     -20.      -1.
 -10.    
-1. -1.  1.  0.  1. -1. -1.  0.  1., -20.  -20.  -10.    3.  -10.  -20.  -20.    0.6 -10. 
-1. -1.  1.  0.  1.  0. -1. -1.  1., -20.  -20.  -10.    3.  -10.    0.6 -20.  -20.  -10. 
-1. -1.  1.  0.  0.  0.  1. -1.  0., -20.  -20.  -10.   -1.    1.    0.6 -10.  -20.    0.6
 1.  0. -1. -1. -1.  0.  0.  1.  0., -10.     -1.    -20.    -20.    -20.     -1.     -1.    -10.      0.084
-1. -1.  1.  0.  0.  0.  0. -1.  1., -20.    -20.    -10.     -1.      0.594   1.      0.6   -20.    -10.   
 1. -1. -1. -1. -1.  0.  0.  1.  1., -10 -20 -20 -20 -20  -1   1 -10 -10
-1. -1.  1. -1.  1.  0.  0. -1.  1., -20.  -20.  -10.  -20.  -10.    1.    0.6 -20.  -10. 
-1.  0.  0.  0.  0.  1. -1.  0.  0., -20.      -1.       0.594    0.594    0.594  -10.     -20.       0.5953
   0.594 
-1. -1.  1.  0.  0.  1. -1.  0.  0., -20.    -20.    -10.      0.594   0.6   -10.    -20.      0.6     0.6  
-1. -1.  0.  1.  0.  1. -1.  0.  0., -20.    -20.      0.594 -10.      0.6   -10.    -20.      0.6     0.6  
-1. -1.  0.  0.  0.  1. -1.  1.  0., -20.     -20.       0.0694  -1.      -1.     -10.     -20.     -10.
  -1.    
-1. -1.  1.  0. -1.  1. -1.  1.  0., -20 -20 -10  -1 -20 -10 -20 -10   1
 0. -1.  1.  0.  0.  0.  0.  0. -1.,   0.594 -20.    -10.      0.6     0.6     0.6     0.6     0.6   -20.   
 1. -1.  1.  0. -1.  0.  0.  0. -1., -10.    -20.    -10.      0.594 -20.      0.6     0.6     0.6   -20.   
 0. -1.  1. -1.  1.  0.  0. -1.  0.,   0.594 -20.    -10.    -20.    -10.      0.594   0.6   -20.      0.6  
 0. -1.  1.  0.  1. -1.  0. -1.  0.,   0.594 -20.    -10.      0.594 -10.    -20.      0.6   -20.      0.6  
 0. -1.  1.  0.  1.  0. -1. -1.  0.,   0.5965 -20.     -10.       0.594  -10.       0.6    -20.     -20.
   0.6   
 1. -1.  1. -1.  1.  0. -1. -1.  0., -10 -20 -10 -20 -10  -1 -20 -20   1
 0. -1.  1.  0.  1.  0.  0. -1. -1.,   0.5965 -20.     -10.       0.594  -10.       0.6      0.6    -20.
 -20.    
 1. -1.  1. -1.  1.  0.  0. -1. -1., -10 -20 -10 -20 -10  -1   1 -20 -20
 1.  0.  0. -1.  0. -1.  0.  0.  0., -10.      -1.      -1.     -20.       0.5881 -20.      18.       0.594
   0.594 
 1. -1.  0. -1.  0. -1.  1.  0.  0., -10.    -20.      0.594 -20.      0.6   -20.    -10.      0.6     0.6  
 1. -1.  1. -1.  0. -1.  1. -1.  0., -10.  -20.  -10.  -20.    1.  -20.  -10.  -20.    0.6
 1. -1.  0. -1.  0. -1.  0.  1.  0., -10.    -20.      0.594 -20.      0.6   -20.      0.6   -10.      0.6  
 1. -1.  1. -1.  0. -1. -1.  1.  0., -10.  -20.  -10.  -20.    3.  -20.  -20.  -10.    0.6
 1. -1.  0. -1.  0. -1.  0.  0.  1., -10.    -20.      0.594 -20.      0.6   -20.      0.6     0.6   -10.   
 1. -1.  1. -1.  0. -1. -1.  0.  1., -10.  -20.  -10.  -20.    1.  -20.  -20.    0.6 -10. 
-1. -1.  0.  0.  0.  1. -1.  0.  1., -20.  -20.    1.    0.6   0.6 -10.  -20.    0.6 -10. 
-1.  0. -1.  0.  0.  1. -1.  1.  0., -20.       0.0694 -20.      -1.      -1.     -10.     -20.     -10.
  -1.    
 1.  0. -1. -1.  1. -1.  0.  0.  0., -10.      0.594 -20.    -20.    -10.    -20.      0.6     0.6     0.6  
 1.  0. -1. -1.  0. -1.  1.  0.  0., -10.   18.  -20.  -20.    0.6 -20.  -10.    0.6   0.6
 1.  1. -1. -1.  0. -1.  1. -1.  0., -10 -10 -20 -20  -1 -20 -10 -20  -1
-1. -1.  1.  1.  1.  0.  0. -1. -1., -20.  -20.  -10.  -10.  -10.    1.    0.6 -20.  -20. 
-1.  1. -1.  0.  0.  1. -1.  1. -1., -20 -10 -20  -1   1 -10 -20 -10 -20
-1. -1.  1.  1. -1. -1.  1.  0.  0., -20 -20 -10 -10 -20 -20 -10  -1  -1
-1.  0.  0.  0.  0.  0. -1.  1.  0., -20.      0.594   0.6     0.6     0.6     0.6   -20.    -10.      0.6  
-1.  0.  0.  0.  0.  0. -1.  0.  1., -20.     -1.      0.594   0.594   0.594   0.594 -20.     18.    -10.   
-1. -1.  1.  0.  0.  0. -1.  0.  1., -20.    -20.    -10.      0.594   0.6     0.6   -20.      0.6   -10.   
-1. -1.  1.  1. -1.  0. -1.  0.  1., -20.  -20.  -10.  -10.  -20.    1.  -20.    0.6 -10. 
-1. -1.  0.  1.  0.  0. -1.  0.  1., -20.    -20.      0.594 -10.      0.6     0.6   -20.      0.6   -10.   
-1.  0. -1.  0.  1.  0. -1.  0.  1., -20.      0.594 -20.      0.6   -10.      0.6   -20.      0.6   -10.   
-1.  1. -1.  0.  1. -1. -1.  0.  1., -20.  -10.  -20.    3.  -10.  -20.  -20.    0.6 -10. 
-1. -1.  0.  0.  0.  0. -1.  1.  1., -20.  -20.   -1.   -1.   18.    0.6 -20.  -10.  -10. 
-1. -1.  0.  0.  1. -1. -1.  1.  1., -20 -20  -1  -1 -10 -20 -20 -10 -10
