0. 0. 0. 0. 0. 0. 0. 0. 0., 0. 0. 0. 0. 0. 0. 0. 0. 0.
-1.  1.  0.  0.  0.  0.  0.  0.  0., -20.  -10.   18.    0.6   0.6   0.6   0.6   0.6   0.6
-1.  1. -1.  1.  0.  0.  0.  0.  0., -20.  -10.  -20.  -10.   18.    0.6   0.6   0.6   0.6
-1.  1. -1.  1. -1.  1.  0.  0.  0., -20.  -10.  -20.  -10.  -20.  -10.   -1.    0.6   0.6
 1. -1.  0.  0.  0.  0.  0.  0.  0., -10.     -20.       0.5965   0.5965   0.594    0.594    0.6      0.6
   0.6   
 1. -1. -1.  1.  0.  0.  0.  0.  0., -10.  -20.  -20.  -10.    1.    0.6   0.6   0.6   0.6
 1. -1. -1.  1. -1.  1.  0.  0.  0., -10.  -20.  -20.  -10.  -20.  -10.   -1.    0.6   0.6
 1.  0. -1.  0.  0.  0.  0.  0.  0., -10.      0.594 -20.      0.6     0.6     0.6     0.6     0.6     0.6  
 1.  0.  0. -1.  0.  0.  0.  0.  0., -10.      0.594   0.594 -20.      0.6    18.      0.6     0.6     0.6  
 1. -1.  1. -1.  0.  0.  0.  0.  0., -10.     -20.     -10.     -20.       0.594    0.5943   0.6      0.6
   0.6   
 1. -1.  1. -1. -1.  1.  0.  0.  0., -10.     -20.     -10.     -20.     -20.     -10.       0.325   -1.
   0.3231
 1. -1.  1. -1. -1.  1. -1.  1.  0., -10 -20 -10 -20 -20 -10 -20 -10   3
 1.  0.  0.  0. -1.  0.  0.  0.  0., -10.       0.5955   0.6      0.6    -20.       0.6      0.6      0.6
   0.6   
 1. -1.  1.  0. -1.  0.  0.  0.  0., -10.     -20.     -10.       0.5955 -20.       0.594    0.6      0.6
   0.6   
 1. -1.  1. -1. -1.  0.  1.  0.  0., -10.  -20.  -10.  -20.  -20.   -1.  -10.   -1.    0.6
 1.  0.  0.  0.  0. -1.  0.  0.  0., -10.      0.594   0.6     0.6     0.6   -20.      0.6     0.6     0.6  
 1. -1.  1.  0.  0. -1.  0.  0.  0., -10.     -20.     -10.       0.594    0.5961 -20.       0.6      0.6
   0.6   
 1. -1.  1. -1.  1. -1.  0.  0.  0., -10.    -20.    -10.    -20.    -10.    -20.      0.594   1.      0.6  
 1. -1.  1. -1.  1. -1. -1.  1.  0., -10 -20 -10 -20 -10 -20 -20 -10   3
 1.  0.  0.  0.  0.  0. -1.  0.  0., -10.      0.594   0.6     0.6     0.6     0.6   -20.      0.6     0.6  
 1. -1.  1.  0.  0.  0. -1.  0.  0., -10.    -20.    -10.      0.594   0.594   0.6   -20.      0.6     0.6  
 1. -1.  1. -1.  1.  0. -1.  0.  0., -10.    -20.    -10.    -20.    -10.      0.594 -20.      0.6     0.6  
 1.  0.  0.  0.  0.  0.  0. -1.  0., -10.      0.594   0.6     0.6     0.6     0.6     0.6   -20.      0.6  
 1. -1.  1.  0.  0.  0.  0. -1.  0., -10.    -20.    -10.      0.594  -1.      0.6     0.6   -20.      0.6  
 1. -1.  1. -1.  1.  0.  0. -1.  0., -10.  -20.  -10.  -20.  -10.    1.    0.6 -20.    0.6
 1.  0.  0.  0.  0.  0.  0.  0. -1., -10.      0.594   0.6     0.6     0.6     0.6     0.6     0.6   -20.   
 1. -1.  1.  0.  0.  0.  0.  0. -1., -10.    -20.    -10.      0.594   0.594   0.6     0.6     0.6   -20.   
 1. -1.  1. -1.  1.  0.  0.  0. -1., -10.  -20.  -10.  -20.  -10.    1.    0.6   0.6 -20. 
 0.  1. -1.  0.  0.  0.  0.  0.  0.,  18.  -10.  -20.    0.6   0.6   0.6   0.6   0.6   0.6
-1.  1. -1.  1. -1.  0.  1.  0.  0., -20.     -10.     -20.     -10.     -20.       0.5965 -10.       0.6
   0.6   
-1.  1. -1.  1. -1. -1.  1.  1.  0., -20 -10 -20 -10 -20 -20 -10 -10  -1
 0.  1.  0. -1.  0.  0.  0.  0.  0.,   0.5955 -10.       0.5961 -20.       0.594    0.5943   0.594    0.6
   0.6   
-1.  1.  1. -1.  0.  0.  0.  0.  0., -20.     -10.     -10.     -20.       0.5955   0.594    0.6      0.6
   0.6   
-1.  1.  1. -1. -1.  1.  0.  0.  0., -20.  -10.  -10.  -20.  -20.  -10.   -1.    1.    0.6
 0.  1.  0.  0.  0. -1.  0.  0.  0.,   0.5961 -10.       0.6      0.6      0.6    -20.       0.6      0.6
   0.6   
-1.  1.  1.  0.  0. -1.  0.  0.  0., -20.     -10.     -10.       0.5961   0.5979 -20.       0.6      0.6
   0.6   
-1.  1.  1. -1.  1. -1.  0.  0.  0., -20.  -10.  -10.  -20.  -10.  -20.   -1.    1.    0.6
 0.  1.  0.  0.  0.  0. -1.  0.  0.,   0.5972 -10.       0.6      0.6      0.6      0.6    -20.       0.6
   0.6   
-1.  1.  1.  0.  0.  0. -1.  0.  0., -20.    -10.    -10.     -1.      0.594   0.6   -20.      0.6     0.6  
 0.  1.  0.  0.  0.  0.  0. -1.  0.,   0.594 -10.      0.6     0.6     0.6     0.6     0.6   -20.      0.6  
-1.  1.  1.  0.  0.  0.  0. -1.  0., -20.     -10.     -10.       0.594    0.5965   0.6      0.6    -20.
   0.6   
-1.  1.  1. -1.  1.  0.  0. -1.  0., -20.  -10.  -10.  -20.  -10.    1.    0.6 -20.    0.6
 0.  1.  0.  0.  0.  0.  0.  0. -1.,   0.594 -10.      0.6     0.6     0.6     0.6     0.6     0.6   -20.   
-1.  1.  1.  0.  0.  0.  0.  0. -1., -20.    -10.    -10.      0.594  -1.      0.6     0.6     0.6   -20.   
-1.  1.  1. -1.  1.  0.  0.  0. -1., -20.  -10.  -10.  -20.  -10.    1.    0.6   0.6 -20. 
 0.  0.  1.  0.  0.  0.  0. -1.  0.,   0.5965   0.6    -10.       0.6      0.6      0.6      0.6    -20.
   0.6   
-1.  1.  1.  1. -1.  0.  0. -1.  0., -20.     -10.     -10.     -10.     -20.       0.5965   0.6    -20.
   0.6   
-1.  1.  1.  1. -1. -1.  1. -1.  0., -20 -10 -10 -10 -20 -20 -10 -20  -1
 0.  0.  1.  0.  0.  0.  0.  0. -1.,  18.    0.6 -10.    0.6   0.6   0.6   0.6   0.6 -20. 
 1. -1.  1. -1. -1.  0.  0.  1.  0., -10.    -20.    -10.    -20.    -20.     -1.      0.594 -10.      0.6  
-1.  1. -1.  1. -1. -1.  1.  0.  1., -20 -10 -20 -10 -20 -20 -10   3 -10
-1.  1.  1. -1. -1.  0.  1.  0.  0., -20.  -10.  -10.  -20.  -20.   -1.  -10.    0.6   0.6
-1.  1.  1. -1.  0. -1.  1.  0.  0., -20.  -10.  -10.  -20.   -1.  -20.  -10.    0.6   0.6
-1.  1.  0.  1.  0.  0. -1.  0.  0., -20.     -10.       0.594  -10.       0.5965   0.6    -20.       0.6
   0.6   
-1.  1. -1.  1.  1.  0. -1.  0.  0., -20.  -10.  -20.  -10.  -10.    1.  -20.    0.6   0.6
-1.  1.  0.  0.  1.  0. -1.  0.  0., -20.    -10.      0.594  -1.    -10.      0.6   -20.      0.6     0.6  
-1.  0.  1.  1.  0.  0.  0.  0. -1., -20.      0.594 -10.    -10.      0.6     0.6     0.6     0.6   -20.   
-1. -1.  1.  1.  1.  0.  0.  0. -1., -20.  -20.  -10.  -10.  -10.    1.    0.6   0.6 -20. 
-1.  1.  1.  1. -1. -1.  0. -1.  1., -20 -10 -10 -10 -20 -20   3 -20 -10
-1.  1.  0.  0.  0.  1. -1.  0.  0., -20.     -10.       0.5961  -1.       0.6    -10.     -20.       0.6
   0.6   
-1.  1. -1.  1.  0.  1. -1.  0.  0., -20.  -10.  -20.  -10.   -1.  -10.  -20.    1.    0.6
-1.  0.  1.  0.  1.  0.  0.  0. -1., -20.      0.594 -10.      0.6   -10.      0.6     0.6     0.6   -20.   
-1.  0.  1.  0.  0.  1.  0.  0. -1., -20.   18.  -10.    0.6   0.6 -10.    0.6   0.6 -20. 
-1. -1.  1.  1.  0.  1.  0.  0. -1., -20.  -20.  -10.  -10.   -1.  -10.    0.6   0.6 -20. 
-1.  1.  1. -1. -1.  0.  0.  1.  0., -20.  -10.  -10.  -20.  -20.   -1.    0.6 -10.    0.6
-1.  1.  1. -1.  0. -1.  0.  1.  0., -20.  -10.  -10.  -20.   -1.  -20.    0.6 -10.    0.6
 1. -1.  1. -1. -1.  0.  0.  0.  1., -10.  -20.  -10.  -20.  -20.   -1.    0.6   0.6 -10. 
-1.  1. -1.  0.  1.  1. -1.  0.  0., -20.  -10.  -20.   -1.  -10.  -10.  -20.    0.6   0.6
-1. -1.  1.  0.  1.  1.  0.  0. -1., -20.  -20.  -10.    1.  -10.  -10.    0.6   0.6 -20. 
-1. -1.  1.  0.  0.  1.  1.  0. -1., -20.  -20.  -10.    1.    0.6 -10.  -10.    0.6 -20. 
-1. -1.  1.  0.  0.  1.  0.  1. -1., -20.  -20.  -10.   18.    0.6 -10.    0.6 -10.  -20. 
-1. -1.  1. -1.  1.  1.  0.  1. -1., -20 -20 -10 -20 -10 -10  -1 -10 -20
-1.  1.  1. -1.  0. -1.  0.  0.  1., -20.  -10.  -10.  -20.   -1.  -20.    0.6   0.6 -10. 
-1.  1.  1. -1. -1.  0.  0.  0.  1., -20.  -10.  -10.  -20.  -20.   -1.    0.6   0.6 -10. 
-1.  1. -1.  0.  0.  1. -1.  1.  0., -20 -10 -20  -1  -1 -10 -20 -10   1
-1. -1.  1. -1.  0.  1.  1.  1. -1., -20 -20 -10 -20  -1 -10 -10 -10 -20
 1. -1.  1. -1. -1.  1.  1.  0. -1., -10 -20 -10 -20 -20 -10 -10  -1 -20
-1.  1.  1. -1. -1.  1.  1. -1.  0., -20 -10 -10 -20 -20 -10 -10 -20  -1
-1.  1. -1.  0.  0.  1. -1.  0.  1., -20.  -10.  -20.   -1.   -1.  -10.  -20.    0.6 -10. 
-1.  1. -1.  1. -1.  0.  0.  1.  0., -20.  -10.  -20.  -10.  -20.   18.    0.6 -10.    0.6
-1.  1. -1.  1. -1. -1.  0.  1.  1., -20 -10 -20 -10 -20 -20  -1 -10 -10
 1. -1.  1. -1. -1.  1.  0.  1. -1., -10 -20 -10 -20 -20 -10   3 -10 -20
 1. -1. -1.  0.  1.  0.  0.  0.  0., -10.     -20.     -20.       0.594  -10.       0.5965   0.6      0.6
   0.6   
 1. -1. -1. -1.  1.  1.  0.  0.  0., -10.    -20.    -20.    -20.    -10.    -10.      0.594   0.594   0.6  
 1. -1. -1. -1.  1.  1. -1.  1.  0., -10 -20 -20 -20 -10 -10 -20 -10   3
 0. -1.  1.  0.  0.  0.  0.  0.  0.,   0.5905 -20.     -10.       0.5943   0.594   18.       0.594    0.5946
   0.594 
-1. -1.  1.  1.  0.  0.  0.  0.  0., -20.     -20.     -10.     -10.       0.5965   0.594    0.6      0.6
   0.6   
-1. -1.  1.  1. -1.  1.  0.  0.  0., -20.  -20.  -10.  -10.  -20.  -10.    1.    0.6   0.6
-1. -1.  1.  1. -1.  1. -1.  1.  0., -20 -20 -10 -10 -20 -10 -20 -10  -1
 0.  0.  0.  1.  0.  0.  0. -1.  0.,   0.5965   0.6      0.6    -10.       0.6      0.6      0.6    -20.
   0.6   
-1.  1.  0.  1.  0.  0.  0. -1.  0., -20.     -10.       0.5965 -10.       0.6      0.6      0.6    -20.
   0.6   
-1.  1. -1.  1.  1.  0.  0. -1.  0., -20.     -10.     -20.     -10.     -10.       0.5965   1.     -20.
   0.6   
-1.  1. -1.  1.  1. -1.  1. -1.  0., -20 -10 -20 -10 -10 -20 -10 -20  -1
-1.  1. -1.  1.  1. -1.  0. -1.  1., -20 -10 -20 -10 -10 -20   3 -20 -10
 0. -1.  0.  1.  0.  0.  0.  0.  0.,   0.594 -20.      0.594 -10.      0.6     0.6     0.6     0.6     0.6  
-1. -1.  1.  1.  1. -1.  0.  0.  0., -20.    -20.    -10.    -10.    -10.    -20.      0.594   0.6     0.6  
-1. -1.  1.  1.  1. -1. -1.  1.  0., -20 -20 -10 -10 -10 -20 -20 -10   3
 0. -1.  0.  0.  1.  0.  0.  0.  0.,   0.5965 -20.       0.5965   0.594  -10.       0.594    0.6      0.6
   0.6   
-1. -1.  1.  0.  1.  0.  0.  0.  0., -20.  -20.  -10.    1.  -10.    0.6   0.6   0.6   0.6
-1. -1.  1. -1.  1.  1.  0.  0.  0., -20.  -20.  -10.  -20.  -10.  -10.   -1.    1.    0.6
 0.  0.  0.  0.  1.  0.  0. -1.  0.,   0.594   0.6     0.6     0.6   -10.      0.6     0.6   -20.      0.6  
-1.  1.  0.  0.  1.  0.  0. -1.  0., -20.    -10.      0.594   0.6   -10.      0.6     0.6   -20.      0.6  
 0.  0.  0.  0.  0.  1.  0. -1.  0.,  18.    0.6   0.6   0.6   0.6 -10.    0.6 -20.    0.6
-1.  1.  0.  0.  0.  1.  0. -1.  0., -20.  -10.   18.    0.6   0.6 -10.    0.6 -20.    0.6
-1.  1. -1.  1.  0.  1.  0. -1.  0., -20.  -10.  -20.  -10.   18.  -10.    0.6 -20.    0.6
-1.  1. -1.  1. -1.  1.  1. -1.  0., -20 -10 -20 -10 -20 -10 -10 -20  -1
 0.  0.  1.  0.  0. -1.  0.  0.  0.,   0.5979   0.6    -10.       0.6      0.6    -20.       0.6      0.6
   0.6   
-1.  1.  1.  1. -1. -1.  0.  0.  0., -20.     -10.     -10.     -10.     -20.     -20.       0.1804   0.1796
  -1.    
-1.  1.  1.  1. -1. -1. -1.  1.  0., -20 -10 -10 -10 -20 -20 -20 -10  -1
-1.  1. -1.  1. -1.  1.  0. -1.  1., -20 -10 -20 -10 -20 -10  -1 -20 -10
-1.  1.  1.  1. -1. -1. -1.  0.  1., -20 -10 -10 -10 -20 -20 -20   3 -10
-1.  1.  0.  0.  0.  0. -1.  1.  0., -20.  -10.    1.    0.6   0.6   0.6 -20.  -10.    0.6
-1.  1. -1.  1.  0.  0. -1.  1.  0., -20.  -10.  -20.  -10.   -1.    0.6 -20.  -10.    0.6
 0.  0.  1. -1.  0.  0.  0.  0.  0.,   0.594   0.594 -10.    -20.      0.6     0.6     0.6     0.6     0.6  
 0.  1.  0.  0. -1.  0.  0.  0.  0.,   0.594 -10.      0.6     0.6   -20.      0.6     0.6     0.6     0.6  
-1.  1.  1.  0. -1.  0.  0.  0.  0., -20.    -10.    -10.      0.594 -20.      0.594   0.6     0.6     0.6  
 0.  0.  0. -1.  1.  0.  0.  0.  0.,   0.5965   0.594    0.594  -20.     -10.       0.6      0.6      0.6
   0.6   
-1.  1.  0. -1.  1.  0.  0.  0.  0., -20.  -10.    1.  -20.  -10.    0.6   0.6   0.6   0.6
-1.  1. -1. -1.  1.  1.  0.  0.  0., -20.    -10.    -20.    -20.    -10.    -10.     -1.      0.594   0.6  
 0.  0.  1.  0. -1.  0.  0.  0.  0.,   0.594   0.6   -10.      0.6   -20.      0.6     0.6     0.6     0.6  
 0.  0.  0.  1. -1.  0.  0.  0.  0.,  18.    0.6   0.6 -10.  -20.    0.6   0.6   0.6   0.6
-1.  1.  0.  1. -1.  0.  0.  0.  0., -20.  -10.   18.  -10.  -20.    0.6   0.6   0.6   0.6
-1.  1. -1. -1.  1.  0.  1.  0.  0., -20.  -10.  -20.  -20.  -10.    1.  -10.    0.6   0.6
 0. -1.  0.  0.  0.  1.  0.  0.  0.,   0.594 -20.      0.594   0.6     0.6   -10.      0.6     0.6     0.6  
-1. -1.  1.  0.  0.  1.  0.  0.  0., -20.    -20.    -10.      0.594   0.6   -10.      0.6     0.6     0.6  
 0. -1.  0.  0.  0.  0.  1.  0.  0.,   0.594 -20.      0.594   0.6     0.6     0.6   -10.      0.6     0.6  
-1. -1.  1.  0.  0.  0.  1.  0.  0., -20.  -20.  -10.    1.    0.6   0.6 -10.    0.6   0.6
 0. -1.  0.  0.  0.  0.  0.  1.  0.,   0.594 -20.      0.594   0.6     0.6     0.6     0.6   -10.      0.6  
-1. -1.  1.  0.  0.  0.  0.  1.  0., -20.    -20.    -10.      0.594   0.6     0.6     0.6   -10.      0.6  
-1. -1.  1. -1.  1.  0.  0.  1.  0., -20.  -20.  -10.  -20.  -10.    1.    0.6 -10.    0.6
 0. -1.  0.  0.  0.  0.  0.  0.  1.,   0.594 -20.      0.594   0.6     0.6     0.6     0.6     0.6   -10.   
-1. -1.  1.  0.  0.  0.  0.  0.  1., -20.    -20.    -10.      0.594   0.6     0.6     0.6     0.6   -10.   
-1. -1.  1. -1.  1.  0.  0.  0.  1., -20.  -20.  -10.  -20.  -10.    1.    0.6   0.6 -10. 
 1. -1.  0. -1.  1.  0.  0.  0.  0., -10.     -20.       0.5965 -20.     -10.       0.594    0.6      0.6
   0.6   
 1. -1. -1. -1.  1.  0.  1.  0.  0., -10.  -20.  -20.  -20.  -10.    1.  -10.    0.6   0.6
 1. -1. -1. -1.  1. -1.  1.  1.  0., -10 -20 -20 -20 -10 -20 -10 -10  -1
-1.  1.  1.  0. -1. -1.  1.  0.  0., -20.  -10.  -10.   -1.  -20.  -20.  -10.    0.6   0.6
-1.  1.  1.  0. -1. -1.  0.  1.  0., -20.  -10.  -10.   -1.  -20.  -20.    0.6 -10.    0.6
-1.  1.  0.  0.  0.  0. -1.  0.  1., -20.     -10.       0.5961  -1.       0.6      0.6    -20.       0.6
 -10.    
-1.  1. -1.  1.  0.  0. -1.  0.  1., -20.     -10.     -20.     -10.      -1.       0.1796 -20.       0.1814
 -10.    
 0.  0.  0. -1.  0.  1.  0.  0.  0.,   0.594   0.594   0.6   -20.      0.6   -10.      0.6     0.6     0.6  
-1.  1.  0. -1.  0.  1.  0.  0.  0., -20.    -10.      0.594 -20.      0.6   -10.      0.6     0.6     0.6  
-1.  1. -1. -1.  1.  1.  1. -1.  0., -20 -10 -20 -20 -10 -10 -10 -20   3
 0.  0.  0. -1.  0.  0.  1.  0.  0.,   0.594   0.594   0.6   -20.      0.6     0.6   -10.      0.6     0.6  
-1.  1.  0. -1.  0.  0.  1.  0.  0., -20.    -10.      0.594 -20.      0.6     0.6   -10.      0.6     0.6  
 0.  0.  0. -1.  0.  0.  0.  1.  0.,   0.594    0.5965   0.594  -20.       0.594    0.6      0.6    -10.
   0.6   
-1.  1.  0. -1.  0.  0.  0.  1.  0., -20.  -10.    1.  -20.    0.6   0.6   0.6 -10.    0.6
-1.  1.  1.  0. -1. -1.  0.  0.  1., -20.  -10.  -10.   -1.  -20.  -20.    0.6   0.6 -10. 
 0.  0.  0. -1.  0.  0.  0.  0.  1.,   0.594   0.594   0.6   -20.      0.6     0.6     0.6     0.6   -10.   
-1.  1.  0. -1.  0.  0.  0.  0.  1., -20.    -10.      0.594 -20.      0.6     0.6     0.6     0.6   -10.   
-1.  1. -1. -1.  1.  0.  0.  0.  1., -20.    -10.    -20.    -20.    -10.      0.594   0.6     0.6   -10.   
-1.  1. -1. -1.  1. -1.  1.  0.  1., -20 -10 -20 -20 -10 -20 -10   3 -10
-1.  1. -1.  0.  1.  0. -1.  0.  1., -20.    -10.    -20.     -1.    -10.      0.594 -20.      0.6   -10.   
 1.  1. -1. -1.  0.  0.  0.  0.  0., -10.     -10.     -20.     -20.       0.5961   0.594    0.6      0.6
   0.6   
 1.  1. -1. -1. -1.  1.  0.  0.  0., -10.     -10.     -20.     -20.     -20.     -10.      -1.       0.1796
   0.1796
 1.  1. -1. -1. -1.  0.  1.  0.  0., -10.  -10.  -20.  -20.  -20.   -1.  -10.    0.6   0.6
-1.  1. -1.  0.  0.  0. -1.  1.  1., -20.  -10.  -20.   -1.    0.6   0.6 -20.  -10.  -10. 
 1.  1. -1. -1. -1.  0.  0.  1.  0., -10.  -10.  -20.  -20.  -20.   -1.   -1.  -10.    0.6
-1.  1. -1.  1.  1. -1. -1.  0.  1., -20 -10 -20 -10 -10 -20 -20   3 -10
-1.  1. -1.  1.  1.  0. -1. -1.  1., -20 -10 -20 -10 -10   3 -20 -20 -10
 1.  1. -1. -1. -1.  0.  0.  0.  1., -10.  -10.  -20.  -20.  -20.   -1.    0.6   0.6 -10. 
 1.  1. -1. -1. -1.  1.  1. -1.  0., -10 -10 -20 -20 -20 -10 -10 -20   3
 1.  1. -1. -1. -1.  1.  1.  0. -1., -10 -10 -20 -20 -20 -10 -10   3 -20
 1. -1.  1. -1.  0. -1.  1.  0.  0., -10.  -20.  -10.  -20.   -1.  -20.  -10.    1.    0.6
 1. -1.  1. -1.  0. -1.  0.  1.  0., -10.    -20.    -10.    -20.     -1.    -20.      0.594 -10.      0.6  
 1. -1.  1. -1.  0. -1.  0.  0.  1., -10.  -20.  -10.  -20.   -1.  -20.    1.    0.6 -10. 
 0.  0.  0.  1.  0. -1.  0.  0.  0.,   0.594   0.6     0.6   -10.      0.6   -20.      0.6     0.6     0.6  
-1.  1.  0.  1.  0. -1.  0.  0.  0., -20.    -10.      0.594 -10.      0.6   -20.      0.6     0.6     0.6  
-1.  1. -1.  1.  1. -1.  0.  0.  0., -20.  -10.  -20.  -10.  -10.  -20.    1.    0.6   0.6
 0.  0.  0.  0.  1. -1.  0.  0.  0.,   0.594   0.6     0.6     0.6   -10.    -20.      0.6     0.6     0.6  
-1.  1.  0.  0.  1. -1.  0.  0.  0., -20.    -10.      0.594   0.6   -10.    -20.      0.6     0.6     0.6  
 0.  0.  0.  0.  0. -1.  1.  0.  0.,   0.594   0.6     0.6     0.6     0.6   -20.    -10.      0.6     0.6  
-1.  1.  0.  0.  0. -1.  1.  0.  0., -20.    -10.      0.594   0.6     0.6   -20.    -10.      0.6     0.6  
-1.  1. -1.  1.  0. -1.  1.  0.  0., -20.    -10.    -20.    -10.      0.594 -20.    -10.      0.6     0.6  
 0.  0.  0.  0.  0. -1.  0.  1.  0.,  18.    0.6   0.6   0.6   0.6 -20.    0.6 -10.    0.6
-1.  1.  0.  0.  0. -1.  0.  1.  0., -20.  -10.   18.    0.6   0.6 -20.    0.6 -10.    0.6
-1.  1. -1.  1.  0. -1.  0.  1.  0., -20.  -10.  -20.  -10.   18.  -20.    0.6 -10.    0.6
 0.  0.  1.  0.  0.  0. -1.  0.  0.,   0.594   0.6   -10.      0.6     0.6     0.6   -20.      0.6     0.6  
-1.  1.  1.  1. -1.  0. -1.  0.  0., -20.     -10.     -10.     -10.     -20.       0.594  -20.       0.5965
   0.6   
 0.  0.  0.  1.  0.  0. -1.  0.  0.,   0.5965   0.6      0.6    -10.       0.6      0.6    -20.       0.6
   0.6   
-1.  1.  1.  1. -1.  1. -1. -1.  0., -20 -10 -10 -10 -20 -10 -20 -20  -1
-1.  1.  1.  1. -1.  0. -1. -1.  1., -20 -10 -10 -10 -20   3 -20 -20 -10
 1.  1.  0. -1. -1.  0.  0.  0.  0., -10.    -10.      0.594 -20.    -20.     -1.      0.6     0.6     0.6  
 1.  1. -1. -1.  1. -1.  0.  0.  0., -10.  -10.  -20.  -20.  -10.  -20.    1.    0.6   0.6
 1. -1.  0. -1.  0.  1.  0.  0.  0., -10.    -20.      0.594 -20.      0.6   -10.      0.6     0.6     0.6  
 1. -1. -1. -1.  1.  1.  1. -1.  0., -10 -20 -20 -20 -10 -10 -10 -20   3
 1. -1.  0. -1.  0.  0.  1.  0.  0., -10.    -20.      0.594 -20.      0.6     0.6   -10.      0.6     0.6  
 1. -1.  0. -1.  0.  0.  0.  1.  0., -10.     -20.       0.5965 -20.       0.6      0.6      0.6    -10.
   0.6   
 1. -1. -1. -1.  1.  0.  0.  1.  0., -10.  -20.  -20.  -20.  -10.    1.    0.6 -10.    0.6
 0. -1.  1. -1.  1.  0.  0.  0.  0.,   1.  -20.  -10.  -20.  -10.    0.6   0.6   0.6   0.6
 1. -1. -1.  1.  1. -1.  0.  0.  0., -10.  -20.  -20.  -10.  -10.  -20.    1.    0.6   0.6
 1. -1. -1.  1.  1. -1. -1.  1.  0., -10 -20 -20 -10 -10 -20 -20 -10  -1
 0.  0.  0.  0.  1.  0. -1.  0.  0.,   0.5972   0.6      0.6      0.6    -10.       0.6    -20.       0.6
   0.6   
-1.  0.  1.  0.  1.  0. -1.  0.  0., -20.      0.594 -10.      0.6   -10.      0.6   -20.      0.6     0.6  
-1. -1.  1.  1.  1.  0. -1.  0.  0., -20.    -20.    -10.    -10.    -10.      0.594 -20.      1.      0.6  
-1.  0.  0.  1.  1.  0. -1.  0.  0., -20.      0.594   0.6   -10.    -10.      0.6   -20.      0.6     0.6  
-1.  0.  0.  0.  1.  1. -1.  0.  0., -20.    1.    0.6   0.6 -10.  -10.  -20.    0.6   0.6
-1. -1.  1.  0.  1.  1. -1.  0.  0., -20.  -20.  -10.   -1.  -10.  -10.  -20.    0.6   0.6
 1.  0. -1. -1.  0.  0.  0.  1.  0., -10.      0.594 -20.    -20.      0.6     0.6     0.6   -10.      0.6  
 1. -1. -1. -1.  0.  1.  0.  1.  0., -10.    -20.    -20.    -20.      0.594 -10.      0.6   -10.      0.6  
 1. -1. -1. -1. -1.  1.  1.  1.  0., -10 -20 -20 -20 -20 -10 -10 -10   3
 1. -1.  0. -1.  0.  0.  0.  0.  1., -10.  -20.    1.  -20.    0.6   0.6   0.6   0.6 -10. 
 1.  0. -1. -1.  1.  0.  0.  0.  0., -10.      0.594 -20.    -20.    -10.      0.6     0.6     0.6     0.6  
 1.  1.  0. -1.  0. -1.  0.  0.  0., -10.     -10.       0.5943 -20.      -1.     -20.       0.6      0.6
   0.6   
 1.  1. -1. -1.  0. -1.  1.  0.  0., -10.  -10.  -20.  -20.   -1.  -20.  -10.   18.    0.6
 1.  1. -1. -1.  0. -1.  0.  1.  0., -10.  -10.  -20.  -20.   -1.  -20.    0.6 -10.    0.6
 1.  1. -1. -1.  0. -1.  0.  0.  1., -10.  -10.  -20.  -20.   -1.  -20.    0.6   0.6 -10. 
 1. -1.  0.  1. -1.  0.  0.  0.  0., -10.  -20.    1.  -10.  -20.    0.6   0.6   0.6   0.6
 1. -1.  1.  1. -1. -1.  0.  0.  0., -10.    -20.    -10.    -10.    -20.    -20.      0.594  -1.      1.   
 1. -1.  1.  1. -1. -1. -1.  1.  0., -10 -20 -10 -10 -20 -20 -20 -10   3
 1. -1. -1.  0.  0.  1.  0.  0.  0., -10.    -20.    -20.      0.594   0.6   -10.      0.6     0.6     0.6  
 1. -1. -1. -1.  0.  1.  1.  0.  0., -10.    -20.    -20.    -20.      0.594 -10.    -10.      0.594   0.6  
 1. -1. -1.  0.  0.  0.  1.  0.  0., -10.    -20.    -20.      0.594   0.6     0.6   -10.      0.6     0.6  
 1. -1. -1.  0.  0.  0.  0.  1.  0., -10.    -20.    -20.      0.594   0.6     0.6     0.6   -10.      0.6  
 1. -1. -1. -1.  0.  0.  1.  1.  0., -10.    -20.    -20.    -20.      0.594   0.6   -10.    -10.      0.6  
 1. -1. -1.  0.  0.  0.  0.  0.  1., -10.  -20.  -20.    1.    0.6   0.6   0.6   0.6 -10. 
 1. -1.  0.  1.  0. -1.  0.  0.  0., -10.    -20.      0.594 -10.      0.6   -20.      0.6     0.6     0.6  
 1. -1.  0.  0.  1. -1.  0.  0.  0., -10.    -20.      0.594   0.6   -10.    -20.      0.6     0.6     0.6  
 1. -1. -1.  0.  1. -1.  1.  0.  0., -10.  -20.  -20.    1.  -10.  -20.  -10.    0.6   0.6
 1. -1.  1.  0. -1. -1.  1.  0.  0., -10.  -20.  -10.   -1.  -20.  -20.  -10.    0.6   0.6
 1. -1.  1.  0. -1. -1.  0.  1.  0., -10.  -20.  -10.   -1.  -20.  -20.    0.6 -10.    0.6
 1. -1.  1.  0. -1. -1.  0.  0.  1., -10.  -20.  -10.   -1.  -20.  -20.    0.6   0.6 -10. 
-1.  0.  0.  0.  1.  0. -1.  1.  0., -20.       0.5961   0.6      0.6    -10.       0.6    -20.     -10.
   0.6   
-1. -1.  1.  0.  1.  0. -1.  1.  0., -20.     -20.     -10.      -1.     -10.       0.1796 -20.     -10.
   0.1814
-1. -1.  0.  1.  1.  0. -1.  1.  0., -20.  -20.   -1.  -10.  -10.    0.6 -20.  -10.    0.6
-1. -1.  0.  0.  1.  1. -1.  1.  0., -20.  -20.   -1.   -1.  -10.  -10.  -20.  -10.    0.6
-1. -1.  0.  0.  1.  0. -1.  1.  1., -20. -20.  -1.  -1. -10.  18. -20. -10. -10.
-1. -1.  1.  1.  1.  0. -1.  1. -1., -20 -20 -10 -10 -10   3 -20 -10 -20
 1.  1.  0. -1.  0.  0. -1.  0.  0., -10.    -10.      0.594 -20.      0.6     0.6   -20.      0.6     0.6  
 1.  1. -1. -1.  1.  0. -1.  0.  0., -10.  -10.  -20.  -20.  -10.    1.  -20.    0.6   0.6
 1.  0.  0. -1. -1.  0.  0.  1.  0., -10.       0.594    0.5991 -20.     -20.       0.6      0.6    -10.
   0.6   
 1.  0.  1. -1. -1.  0.  0.  0.  0., -10.      0.594 -10.    -20.    -20.      0.6     0.6     0.6     0.6  
 1.  0.  0. -1. -1.  1.  0.  0.  0., -10.      0.594   0.6   -20.    -20.    -10.      0.6     0.6     0.6  
 1.  0.  0. -1. -1.  0.  1.  0.  0., -10.       0.5991   0.6    -20.     -20.       0.6    -10.       0.6
   0.6   
 1. -1.  0. -1. -1.  1.  1.  0.  0., -10.    -20.      0.594 -20.    -20.    -10.    -10.     -1.      0.6  
 1. -1.  0. -1. -1.  0.  1.  1.  0., -10.    -20.      0.594 -20.    -20.     -1.    -10.    -10.      0.6  
 1. -1.  0. -1. -1.  0.  1.  0.  1., -10.  -20.    1.  -20.  -20.    0.6 -10.    0.6 -10. 
 1. -1. -1. -1. -1.  1.  1.  0.  1., -10 -20 -20 -20 -20 -10 -10  -1 -10
 1. -1.  1.  1. -1.  0. -1.  0.  0., -10.    -20.    -10.    -10.    -20.      0.594 -20.      0.6     0.6  
 0. -1.  1.  1.  0.  0.  0. -1.  0.,   0.594 -20.    -10.    -10.     -1.      0.6     0.6   -20.      0.6  
-1. -1.  1.  1.  1.  0.  0. -1.  0., -20.  -20.  -10.  -10.  -10.    1.    0.6 -20.    0.6
 0. -1.  1.  0.  1.  0.  0. -1.  0.,   0.5881 -20.     -10.       0.5881 -10.       0.5881   0.5905 -20.
   0.5905
 0. -1.  1.  0.  0.  1.  0. -1.  0.,   1.  -20.  -10.    0.6   0.6 -10.    0.6 -20.    0.6
-1. -1.  1.  1.  0.  1.  0. -1.  0., -20.  -20.  -10.  -10.   -1.  -10.    0.6 -20.    0.6
-1. -1.  1.  0.  1.  1.  0. -1.  0., -20.  -20.  -10.    1.  -10.  -10.    0.6 -20.    0.6
-1. -1.  1.  0.  0.  1.  1. -1.  0., -20.  -20.  -10.    1.    0.6 -10.  -10.  -20.    0.6
-1.  0.  0.  0.  1.  0. -1.  0.  1., -20.       0.5961   0.594    0.6    -10.       0.6    -20.       0.6
 -10.    
-1. -1.  1.  0.  1.  0. -1.  0.  1., -20.     -20.     -10.      -1.     -10.       0.1796 -20.       0.1814
 -10.    
-1. -1.  0.  1.  1.  0. -1.  0.  1., -20.  -20.   -1.  -10.  -10.    0.6 -20.    0.6 -10. 
-1. -1.  0.  0.  1.  1. -1.  0.  1., -20.  -20.   -1.    0.6 -10.  -10.  -20.    0.6 -10. 
-1. -1.  1.  1.  1. -1. -1.  0.  1., -20 -20 -10 -10 -10 -20 -20   3 -10
-1. -1.  1.  1.  1.  0. -1. -1.  1., -20 -20 -10 -10 -10   3 -20 -20 -10
 0. -1.  1.  0.  0.  0.  1. -1.  0.,   1.  -20.  -10.    0.6   0.6   0.6 -10.  -20.    0.6
-1. -1.  1.  1.  0.  0.  1. -1.  0., -20.  -20.  -10.  -10.   -1.    0.6 -10.  -20.    0.6
 0. -1.  1.  0.  0.  0.  0. -1.  1.,   1.  -20.  -10.    0.6   0.6   0.6   0.6 -20.  -10. 
-1. -1.  1.  1.  0.  0.  0. -1.  1., -20.  -20.  -10.  -10.   -1.    0.6   0.6 -20.  -10. 
 1.  0. -1. -1. -1.  1.  0.  1.  0., -10.      0.594 -20.    -20.    -20.    -10.     -1.    -10.      0.6  
 1.  0. -1. -1. -1.  0.  1.  1.  0., -10.      0.594 -20.    -20.    -20.     -1.    -10.    -10.      0.6  
 1.  0. -1. -1. -1.  0.  0.  1.  1., -10.    1.  -20.  -20.  -20.    0.6   0.6 -10.  -10. 
 1. -1. -1. -1. -1.  1.  0.  1.  1., -10 -20 -20 -20 -20 -10  -1 -10 -10
-1. -1.  1.  0.  1.  0.  0. -1.  1., -20.  -20.  -10.    1.  -10.    0.6   0.6 -20.  -10. 
 0.  0.  0.  0.  0.  1. -1.  0.  0.,   0.5985   0.6      0.6      0.6      0.6    -10.     -20.       0.6
   0.6   
-1.  0.  1.  0.  0.  1. -1.  0.  0., -20.      0.594 -10.      0.6     0.6   -10.    -20.      0.6     0.6  
-1. -1.  1.  1.  0.  1. -1.  0.  0., -20.  -20.  -10.  -10.    1.  -10.  -20.    0.6   0.6
-1.  0.  0.  1.  0.  1. -1.  0.  0., -20.      0.594   0.6   -10.      0.6   -10.    -20.      0.6     0.6  
-1.  0.  0.  0.  0.  1. -1.  1.  0., -20.       0.5955   0.5955   0.6      0.6    -10.     -20.     -10.
   0.6   
-1. -1.  1.  0.  0.  1. -1.  1.  0., -20.  -20.  -10.   -1.    1.  -10.  -20.  -10.    0.6
-1. -1.  0.  1.  0.  1. -1.  1.  0., -20.  -20.   -1.  -10.    0.6 -10.  -20.  -10.    0.6
-1. -1.  0.  0.  0.  1. -1.  1.  1., -20.  -20.   -1.    0.6   0.6 -10.  -20.  -10.  -10. 
 1. -1.  1.  1. -1.  0.  0.  0. -1., -10.  -20.  -10.  -10.  -20.    1.    0.6   0.6 -20. 
 1. -1.  1.  0.  1. -1.  0. -1.  0., -10.  -20.  -10.    1.  -10.  -20.    0.6 -20.    0.6
 1. -1.  1.  0.  1.  0. -1. -1.  0., -10.  -20.  -10.    1.  -10.    0.6 -20.  -20.    0.6
 1. -1.  1. -1.  1.  1. -1. -1.  0., -10 -20 -10 -20 -10 -10 -20 -20  -1
 1. -1.  1.  0.  1.  0.  0. -1. -1., -10.  -20.  -10.    1.  -10.    0.6   0.6 -20.  -20. 
 1. -1.  1. -1.  1.  1.  0. -1. -1., -10 -20 -10 -20 -10 -10  -1 -20 -20
 1.  0.  1. -1.  0. -1.  0.  0.  0., -10.      0.594 -10.    -20.     -1.    -20.      0.6     0.6     0.6  
 1.  0.  0. -1.  1. -1.  0.  0.  0., -10.      0.594   0.594 -20.    -10.    -20.      0.6     0.6     0.6  
 1. -1.  0. -1.  1. -1.  1.  0.  0., -10.  -20.    1.  -20.  -10.  -20.  -10.    0.6   0.6
 1.  0.  0. -1.  0. -1.  1.  0.  0., -10.      0.594  18.    -20.      0.6   -20.    -10.      0.6     0.6  
 1.  0.  0. -1.  0. -1.  0.  1.  0., -10.      0.594   0.6   -20.      0.6   -20.      0.6   -10.      0.6  
 1.  0.  0. -1.  0. -1.  0.  0.  1., -10.      0.594   0.6   -20.      0.6   -20.      0.6     0.6   -10.   
-1.  0.  0.  0.  0.  1. -1.  0.  1., -20.    1.    0.6   0.6   0.6 -10.  -20.    0.6 -10. 
 1.  1. -1. -1.  1. -1.  1. -1.  0., -10 -10 -20 -20 -10 -20 -10 -20  -1
-1.  0. -1.  1.  0.  1. -1.  1.  0., -20.   -1.  -20.  -10.    0.6 -10.  -20.  -10.    0.6
 1.  1. -1. -1.  0. -1.  1. -1.  1., -10 -10 -20 -20  -1 -20 -10 -20 -10
-1.  0. -1.  0.  1.  1. -1.  1.  0., -20.   -1.  -20.    0.6 -10.  -10.  -20.  -10.    0.6
-1.  0. -1.  0.  0.  1. -1.  1.  1., -20.   -1.  -20.    0.6   0.6 -10.  -20.  -10.  -10. 
 0. -1.  1.  1.  1.  0. -1. -1.  0.,   1.  -20.  -10.  -10.  -10.    0.6 -20.  -20.    0.6
 0. -1.  1.  1.  1.  0.  0. -1. -1.,   1.  -20.  -10.  -10.  -10.    0.6   0.6 -20.  -20. 
 0. -1.  1. -1.  1.  1.  0. -1.  0.,   1.  -20.  -10.  -20.  -10.  -10.    0.6 -20.    0.6
 0. -1.  1.  1.  1. -1.  0. -1.  0.,   1.  -20.  -10.  -10.  -10.  -20.    0.6 -20.    0.6
-1.  1. -1.  1.  0.  1. -1.  1. -1., -20 -10 -20 -10  -1 -10 -20 -10 -20
 0. -1.  1.  1.  0. -1.  0.  0.  0.,  18.  -20.  -10.  -10.    0.6 -20.    0.6   0.6   0.6
-1. -1.  1.  1.  0. -1.  1.  0.  0., -20.  -20.  -10.  -10.   18.  -20.  -10.    0.6   0.6
-1. -1.  1.  1. -1. -1.  1.  1.  0., -20 -20 -10 -10 -20 -20 -10 -10  -1
-1. -1.  1.  1. -1. -1.  1.  0.  1., -20 -20 -10 -10 -20 -20 -10  -1 -10
 0.  0.  0.  0.  0.  0. -1.  1.  0.,   0.594   0.6     0.6     0.6     0.6     0.6   -20.    -10.      0.6  
 0.  0.  0.  0.  0.  0. -1.  0.  1.,  18.    0.6   0.6   0.6   0.6   0.6 -20.    0.6 -10. 
-1.  0.  1.  0.  0.  0. -1.  0.  1., -20.      0.594 -10.      0.6     0.6     0.6   -20.      0.6   -10.   
-1. -1.  1.  1.  0.  0. -1.  0.  1., -20.  -20.  -10.  -10.    1.    0.6 -20.    0.6 -10. 
-1.  0.  0.  1.  0.  0. -1.  0.  1., -20.      0.594   0.6   -10.      0.6     0.6   -20.      0.6   -10.   
-1.  0.  0.  0.  0.  0. -1.  1.  1., -20.   18.    0.6   0.6   0.6   0.6 -20.  -10.  -10. 
-1. -1.  1.  0.  0.  0. -1.  1.  1., -20.  -20.  -10.   -1.    0.6   0.6 -20.  -10.  -10. 
-1. -1.  0.  1.  0.  0. -1.  1.  1., -20.  -20.   -1.  -10.    0.6   0.6 -20.  -10.  -10. 
-1. -1.  1.  0.  1. -1. -1.  1.  1., -20 -20 -10  -1 -10 -20 -20 -10 -10
-1. -1.  0.  1.  1. -1. -1.  1.  1., -20 -20  -1 -10 -10 -20 -20 -10 -10
